[gd_scene load_steps=31 format=3 uid="uid://xitedo2gb6sa"]

[ext_resource type="ArrayMesh" uid="uid://cjqfxpqcqqve5" path="res://Assets/Synty/PolygonShops/Models/Characters/extracted/SM_Chr_Santa_01.mesh" id="1_oqol2"]
[ext_resource type="Skin" uid="uid://tbxedowqjxkk" path="res://Assets/Synty/PolygonShops/Models/Characters/extracted/SM_Chr_Santa_01_skin.tres" id="2_g5rsb"]
[ext_resource type="ArrayMesh" uid="uid://chk6tn66lrf41" path="res://Assets/Synty/PolygonShops/Models/Characters/extracted/SM_Chr_Gym_Male_01.mesh" id="4_7485s"]
[ext_resource type="Skin" uid="uid://dngwdaioelrb4" path="res://Assets/Synty/PolygonShops/Models/Characters/extracted/SM_Chr_Gym_Male_01_skin.tres" id="5_rut0i"]
[ext_resource type="ArrayMesh" uid="uid://c0c3lbdime31m" path="res://Assets/Synty/PolygonShops/Models/Characters/extracted/SM_Chr_Clerk_Male_01.mesh" id="6_m7yyy"]
[ext_resource type="Skin" uid="uid://bbwn3jjo8oxkx" path="res://Assets/Synty/PolygonShops/Models/Characters/extracted/SM_Chr_Clerk_Male_01_skin.tres" id="7_w7w2y"]
[ext_resource type="ArrayMesh" uid="uid://cxrhnsrkwt84x" path="res://Assets/Synty/PolygonShops/Models/Characters/extracted/SM_Chr_Attendant_Male_01.mesh" id="8_5r2vj"]
[ext_resource type="Skin" uid="uid://dbly1aix00d53" path="res://Assets/Synty/PolygonShops/Models/Characters/extracted/SM_Chr_Attendant_Male_01_skin.tres" id="9_w5pdh"]
[ext_resource type="ArrayMesh" uid="uid://00s7j2rms5hh" path="res://Assets/Synty/PolygonShops/Models/Characters/extracted/SM_Chr_Worker_Male_01.mesh" id="10_8s2g3"]
[ext_resource type="Skin" uid="uid://lm1f8hsutkbl" path="res://Assets/Synty/PolygonShops/Models/Characters/extracted/SM_Chr_Worker_Male_01_skin.tres" id="11_rvvxc"]
[ext_resource type="ArrayMesh" uid="uid://cc7ahlnuymcr4" path="res://Assets/Synty/PolygonShops/Models/Characters/extracted/SM_Chr_Hunter_Male_01.mesh" id="12_3odmk"]
[ext_resource type="Skin" uid="uid://c0l0ftvvmybtn" path="res://Assets/Synty/PolygonShops/Models/Characters/extracted/SM_Chr_Hunter_Male_01_skin.tres" id="13_4kos3"]
[ext_resource type="ArrayMesh" uid="uid://cym8px12lceu0" path="res://Assets/Synty/PolygonShops/Models/Characters/extracted/SM_Chr_Shopper_Male_01.mesh" id="14_bt82l"]
[ext_resource type="Skin" uid="uid://c7yibc33sfuqp" path="res://Assets/Synty/PolygonShops/Models/Characters/extracted/SM_Chr_Shopper_Male_01_skin.tres" id="15_6alxj"]
[ext_resource type="ArrayMesh" uid="uid://cx8cadoqa2m7p" path="res://Assets/Synty/PolygonShops/Models/Characters/extracted/SM_Chr_Musician_Male_01.mesh" id="16_5u2q1"]
[ext_resource type="Skin" uid="uid://dbx46c0aexlof" path="res://Assets/Synty/PolygonShops/Models/Characters/extracted/SM_Chr_Musician_Male_01_skin.tres" id="17_m2na8"]
[ext_resource type="ArrayMesh" uid="uid://b4uq5l4abblly" path="res://Assets/Synty/PolygonShops/Models/Characters/extracted/SM_Chr_Musician_Female_01.mesh" id="18_4qhbj"]
[ext_resource type="Skin" uid="uid://r2brbag4k1dx" path="res://Assets/Synty/PolygonShops/Models/Characters/extracted/SM_Chr_Musician_Female_01_skin.tres" id="19_ov1px"]
[ext_resource type="ArrayMesh" uid="uid://bmcapd7rdollg" path="res://Assets/Synty/PolygonShops/Models/Characters/extracted/SM_Chr_Shopper_Female_01.mesh" id="20_66k2h"]
[ext_resource type="Skin" uid="uid://tshtmsfl0ese" path="res://Assets/Synty/PolygonShops/Models/Characters/extracted/SM_Chr_Shopper_Female_01_skin.tres" id="21_3diik"]
[ext_resource type="ArrayMesh" uid="uid://k56y2e1fmlvo" path="res://Assets/Synty/PolygonShops/Models/Characters/extracted/SM_Chr_Worker_Female_01.mesh" id="22_bekvg"]
[ext_resource type="Skin" uid="uid://br063cqr8s6re" path="res://Assets/Synty/PolygonShops/Models/Characters/extracted/SM_Chr_Worker_Female_01_skin.tres" id="23_2fkg1"]
[ext_resource type="ArrayMesh" uid="uid://ckd5h1srkilll" path="res://Assets/Synty/PolygonShops/Models/Characters/extracted/SM_Chr_Clerk_Female_01.mesh" id="24_0b7xe"]
[ext_resource type="Skin" uid="uid://bywot7mfu6lph" path="res://Assets/Synty/PolygonShops/Models/Characters/extracted/SM_Chr_Clerk_Female_01_skin.tres" id="25_d5do8"]
[ext_resource type="ArrayMesh" uid="uid://bnvy7iulbudvj" path="res://Assets/Synty/PolygonShops/Models/Characters/extracted/SM_Chr_Attendant_Female_01.mesh" id="26_yghru"]
[ext_resource type="Skin" uid="uid://o3x77gcldww1" path="res://Assets/Synty/PolygonShops/Models/Characters/extracted/SM_Chr_Attendant_Female_01_skin.tres" id="27_6clip"]
[ext_resource type="ArrayMesh" uid="uid://cqgaybe786v5n" path="res://Assets/Synty/PolygonShops/Models/Characters/extracted/SM_Chr_Gym_Female_01.mesh" id="28_ur6cf"]
[ext_resource type="Skin" uid="uid://cytcbkpq8epm6" path="res://Assets/Synty/PolygonShops/Models/Characters/extracted/SM_Chr_Gym_Female_01_skin.tres" id="29_gamnp"]
[ext_resource type="PackedScene" uid="uid://d36mw5vhshosn" path="res://Assets/Synty/PolygonShops/Prefabs/Characters/Attachments/SM_Chr_Hair_Long_02.tscn" id="30_0lpur"]
[ext_resource type="Shape3D" uid="uid://bprf0x6oabdg6" path="res://Assets/Synty/PolygonShops/Models/Collision/Synty_Character_Collider.tres" id="31_teqfv"]

[node name="SM_Chr_Attendant_Female_01" type="CharacterBody3D"]
process_mode = 1

[node name="GeneralSkeleton" type="Skeleton3D" parent="."]
unique_name_in_owner = true
motion_scale = 0.8762761
bones/0/name = "SM_Chr_Santa_01"
bones/0/parent = -1
bones/0/rest = Transform3D(1, 0, 0, 0, 1, 0, 0, 0, 1, 0, 0, 0)
bones/0/enabled = true
bones/0/position = Vector3(0, 0, 0)
bones/0/rotation = Quaternion(0, 0, 0, 1)
bones/0/scale = Vector3(1, 1, 1)
bones/1/name = "SM_Chr_Gym_Male_01"
bones/1/parent = -1
bones/1/rest = Transform3D(1, 0, 0, 0, 1, 0, 0, 0, 1, 0, 0, 0)
bones/1/enabled = true
bones/1/position = Vector3(0, 0, 0)
bones/1/rotation = Quaternion(0, 0, 0, 1)
bones/1/scale = Vector3(1, 1, 1)
bones/2/name = "SM_Chr_Clerk_Male_01"
bones/2/parent = -1
bones/2/rest = Transform3D(1, 0, 0, 0, 1, 0, 0, 0, 1, 0, 0, 0)
bones/2/enabled = true
bones/2/position = Vector3(0, 0, 0)
bones/2/rotation = Quaternion(0, 0, 0, 1)
bones/2/scale = Vector3(1, 1, 1)
bones/3/name = "SM_Chr_Attendant_Male_01"
bones/3/parent = -1
bones/3/rest = Transform3D(1, 0, 0, 0, 1, 0, 0, 0, 1, 0, 0, 0)
bones/3/enabled = true
bones/3/position = Vector3(0, 0, 0)
bones/3/rotation = Quaternion(0, 0, 0, 1)
bones/3/scale = Vector3(1, 1, 1)
bones/4/name = "SM_Chr_Worker_Male_01"
bones/4/parent = -1
bones/4/rest = Transform3D(1, 0, 0, 0, 1, 0, 0, 0, 1, 0, 0, 0)
bones/4/enabled = true
bones/4/position = Vector3(0, 0, 0)
bones/4/rotation = Quaternion(0, 0, 0, 1)
bones/4/scale = Vector3(1, 1, 1)
bones/5/name = "SM_Chr_Hunter_Male_01"
bones/5/parent = -1
bones/5/rest = Transform3D(1, 0, 0, 0, 1, 0, 0, 0, 1, 0, 0, 0)
bones/5/enabled = true
bones/5/position = Vector3(0, 0, 0)
bones/5/rotation = Quaternion(0, 0, 0, 1)
bones/5/scale = Vector3(1, 1, 1)
bones/6/name = "SM_Chr_Shopper_Male_01"
bones/6/parent = -1
bones/6/rest = Transform3D(1, 0, 0, 0, 1, 0, 0, 0, 1, 0, 0, 0)
bones/6/enabled = true
bones/6/position = Vector3(0, 0, 0)
bones/6/rotation = Quaternion(0, 0, 0, 1)
bones/6/scale = Vector3(1, 1, 1)
bones/7/name = "SM_Chr_Musician_Male_01"
bones/7/parent = -1
bones/7/rest = Transform3D(1, 0, 0, 0, 1, 0, 0, 0, 1, 0, 0, 0)
bones/7/enabled = true
bones/7/position = Vector3(0, 0, 0)
bones/7/rotation = Quaternion(0, 0, 0, 1)
bones/7/scale = Vector3(1, 1, 1)
bones/8/name = "SM_Chr_Musician_Female_01"
bones/8/parent = -1
bones/8/rest = Transform3D(1, 0, 0, 0, 1, 0, 0, 0, 1, 0, 0, 0)
bones/8/enabled = true
bones/8/position = Vector3(0, 0, 0)
bones/8/rotation = Quaternion(0, 0, 0, 1)
bones/8/scale = Vector3(1, 1, 1)
bones/9/name = "SM_Chr_Shopper_Female_01"
bones/9/parent = -1
bones/9/rest = Transform3D(1, 0, 0, 0, 1, 0, 0, 0, 1, 0, 0, 0)
bones/9/enabled = true
bones/9/position = Vector3(0, 0, 0)
bones/9/rotation = Quaternion(0, 0, 0, 1)
bones/9/scale = Vector3(1, 1, 1)
bones/10/name = "SM_Chr_Worker_Female_01"
bones/10/parent = -1
bones/10/rest = Transform3D(1, 0, 0, 0, 1, 0, 0, 0, 1, 0, 0, 0)
bones/10/enabled = true
bones/10/position = Vector3(0, 0, 0)
bones/10/rotation = Quaternion(0, 0, 0, 1)
bones/10/scale = Vector3(1, 1, 1)
bones/11/name = "SM_Chr_Clerk_Female_01"
bones/11/parent = -1
bones/11/rest = Transform3D(1, 0, 0, 0, 1, 0, 0, 0, 1, 0, 0, 0)
bones/11/enabled = true
bones/11/position = Vector3(0, 0, 0)
bones/11/rotation = Quaternion(0, 0, 0, 1)
bones/11/scale = Vector3(1, 1, 1)
bones/12/name = "SM_Chr_Attendant_Female_01"
bones/12/parent = -1
bones/12/rest = Transform3D(1, 0, 0, 0, 1, 0, 0, 0, 1, 0, 0, 0)
bones/12/enabled = true
bones/12/position = Vector3(0, 0, 0)
bones/12/rotation = Quaternion(0, 0, 0, 1)
bones/12/scale = Vector3(1, 1, 1)
bones/13/name = "SM_Chr_Gym_Female_01"
bones/13/parent = -1
bones/13/rest = Transform3D(1, 0, 0, 0, 1, 0, 0, 0, 1, 0, 0, 0)
bones/13/enabled = true
bones/13/position = Vector3(0, 0, 0)
bones/13/rotation = Quaternion(0, 0, 0, 1)
bones/13/scale = Vector3(1, 1, 1)
bones/14/name = "Root"
bones/14/parent = -1
bones/14/rest = Transform3D(1, 0, 0, 0, 1, 0, 0, 0, 1, 0, 0, 0)
bones/14/enabled = true
bones/14/position = Vector3(0, 0, 0)
bones/14/rotation = Quaternion(0, 0, 0, 1)
bones/14/scale = Vector3(1, 1, 1)
bones/15/name = "Hips"
bones/15/parent = 14
bones/15/rest = Transform3D(1, 0, 0, 0, 1, 0, 0, 0, 1, 5.0487097e-31, 0.8762761, 3.5128346e-17)
bones/15/enabled = true
bones/15/position = Vector3(0, 0.8762761, 0)
bones/15/rotation = Quaternion(-0.07491655, 0, 0, 0.9971899)
bones/15/scale = Vector3(1, 1, 1)
bones/16/name = "Spine"
bones/16/parent = 15
bones/16/rest = Transform3D(1, 0, 0, 0, 1, 0, 0, 0, 1, 1.323489e-23, 0.10393265, -3.0974343e-09)
bones/16/enabled = true
bones/16/position = Vector3(-1.0308907e-17, 0.10393265, -3.0974343e-09)
bones/16/rotation = Quaternion(0.09967896, 0, 0, 0.9950197)
bones/16/scale = Vector3(1, 1, 0.9999999)
bones/17/name = "Chest"
bones/17/parent = 16
bones/17/rest = Transform3D(1, 0, 0, 0, 1, 0, 0, 0, 1, -5.293956e-23, 0.18151169, -2.7047349e-09)
bones/17/enabled = true
bones/17/position = Vector3(4.717914e-18, 0.18151169, -2.7047349e-09)
bones/17/rotation = Quaternion(-0.09800282, 0, 0, 0.9951862)
bones/17/scale = Vector3(1, 1, 0.9999999)
bones/18/name = "UpperChest"
bones/18/parent = 17
bones/18/rest = Transform3D(1, 0, 0, 0, 1, 0, 0, 0, 1, -5.293956e-23, 0.17903724, -8.003589e-09)
bones/18/enabled = true
bones/18/position = Vector3(-2.1619682e-17, 0.17903724, -8.003589e-09)
bones/18/rotation = Quaternion(0.28359762, 0, -5.960465e-08, 0.9589435)
bones/18/scale = Vector3(1, 1, 1)
bones/19/name = "Neck"
bones/19/parent = 18
bones/19/rest = Transform3D(1, 0, 0, 0, 1, 0, 0, 0, 1, -1.7861346e-08, 0.10501191, -0.03862382)
bones/19/enabled = true
bones/19/position = Vector3(-1.7861346e-08, 0.10501191, -0.03862382)
bones/19/rotation = Quaternion(-0.1340731, 2.9802319e-08, 1.04308114e-07, 0.99097145)
bones/19/scale = Vector3(1, 1, 1.0000001)
bones/20/name = "Head"
bones/20/parent = 19
bones/20/rest = Transform3D(1, 0, 0, 0, 1, 0, 0, 0, 1, 3.5163016e-15, 0.121644355, 7.250568e-09)
bones/20/enabled = true
bones/20/position = Vector3(3.5079323e-15, 0.121644355, 7.250568e-09)
bones/20/rotation = Quaternion(4.4703484e-08, -4.4703484e-08, 2.9802322e-08, 1)
bones/20/scale = Vector3(1, 1, 1)
bones/21/name = "RightEye"
bones/21/parent = 20
bones/21/rest = Transform3D(1, 0, 0, 0, 0, -1, 0, 1, 0, 2.612793e-09, 0.11277094, 0.10615632)
bones/21/enabled = true
bones/21/position = Vector3(2.612793e-09, 0.11277094, 0.10615632)
bones/21/rotation = Quaternion(0.7071068, 0, 0, 0.7071068)
bones/21/scale = Vector3(1, 1, 1)
bones/22/name = "Eyebrows"
bones/22/parent = 20
bones/22/rest = Transform3D(1, -3.9097086e-09, 2.4300153e-08, -4.2632564e-14, 0.9873026, 0.15885055, -2.4612675e-08, -0.15885055, 0.9873026, 2.4830176e-09, 0.14554262, 0.10088357)
bones/22/enabled = true
bones/22/position = Vector3(2.4830176e-09, 0.14554262, 0.10088357)
bones/22/rotation = Quaternion(-0.079678625, 1.2267215e-08, 9.805308e-10, 0.99682075)
bones/22/scale = Vector3(1, 0.99999994, 0.99999994)
bones/23/name = "Jaw"
bones/23/parent = 20
bones/23/rest = Transform3D(-1, 0, 0, 0, 0, 1, 0, 1, 0, 4.5920086e-05, 0.06511938, 0.011441052)
bones/23/enabled = true
bones/23/position = Vector3(4.5920086e-05, 0.06511938, 0.011441052)
bones/23/rotation = Quaternion(0, 0.7071068, 0.7071068, 0)
bones/23/scale = Vector3(1, 1, 1)
bones/24/name = "LeftShoulder"
bones/24/parent = 18
bones/24/rest = Transform3D(0, 1, 0, 0, 0, 1, 1, 0, 0, 0.07447153, 0.0689145, 0.019312639)
bones/24/enabled = true
bones/24/position = Vector3(0.07447153, 0.0689145, 0.019312639)
bones/24/rotation = Quaternion(0.6470764, 0.3231947, 0.42979914, -0.540472)
bones/24/scale = Vector3(0.99999994, 0.99999994, 1.0000001)
bones/25/name = "LeftUpperArm"
bones/25/parent = 24
bones/25/rest = Transform3D(-1, 0, 0, 0, 1, 0, 0, 0, -1, 3.1768135e-09, 0.13197874, -5.0247763e-08)
bones/25/enabled = true
bones/25/position = Vector3(3.1768137e-09, 0.13197874, -5.0247763e-08)
bones/25/rotation = Quaternion(0.22902973, 0.97138685, 0.06287315, 8.940695e-08)
bones/25/scale = Vector3(1, 1, 0.99999994)
bones/26/name = "LeftLowerArm"
bones/26/parent = 25
bones/26/rest = Transform3D(0, 0, -1, 0, 1, 0, 1, 0, 0, 2.6775524e-09, 0.33948022, 5.8556907e-08)
bones/26/enabled = true
bones/26/position = Vector3(2.6775524e-09, 0.33948022, 5.8556907e-08)
bones/26/rotation = Quaternion(-0.024664067, -0.7058118, 0.055237878, 0.7058118)
bones/26/scale = Vector3(0.9999999, 1, 0.99999994)
bones/27/name = "LeftHand"
bones/27/parent = 26
bones/27/rest = Transform3D(0, 0, 1, 0, 1, 0, -1, 0, 0, 2.271554e-08, 0.27114555, -3.8708095e-09)
bones/27/enabled = true
bones/27/position = Vector3(2.271554e-08, 0.27114555, -3.8708095e-09)
bones/27/rotation = Quaternion(-0.06656139, 0.6938297, -0.18102565, 0.6938297)
bones/27/scale = Vector3(0.99999994, 1, 0.9999999)
bones/28/name = "LeftThumbMetacarpal"
bones/28/parent = 27
bones/28/rest = Transform3D(0, -0.577, 0.816, 0, 0.816, 0.577, -1, 0, 0, -0.05394575, 0.019432008, -0.010683967)
bones/28/enabled = true
bones/28/position = Vector3(-0.05394575, 0.019432008, -0.010683967)
bones/28/rotation = Quaternion(-0.34863123, 0.62271255, 0.254371, 0.65267205)
bones/28/scale = Vector3(1, 0.99939233, 0.99939245)
bones/29/name = "LeftThumbProximal"
bones/29/parent = 28
bones/29/rest = Transform3D(0.99999994, 0, 0, 0, 0.9999999, 2.9802322e-08, 0, -2.9802322e-08, 0.9999999, 4.2240995e-08, 0.063740864, -1.2340065e-08)
bones/29/enabled = true
bones/29/position = Vector3(4.2240995e-08, 0.063740864, -1.2340065e-08)
bones/29/rotation = Quaternion(0.06938301, -4.7246886e-08, 0.17068414, 0.98288)
bones/29/scale = Vector3(1.0000038, 0.99999976, 0.99999577)
bones/30/name = "LeftThumbDistal"
bones/30/parent = 29
bones/30/rest = Transform3D(1, 0, 0, 0, 1.0000001, 0, 0, 0, 1.0000001, 4.5609475e-08, 0.056690156, -7.083025e-09)
bones/30/enabled = true
bones/30/position = Vector3(4.5609475e-08, 0.056690156, -7.083025e-09)
bones/30/rotation = Quaternion(1.4901161e-08, -1.4901161e-08, 2.9802322e-08, 0.99999994)
bones/30/scale = Vector3(1.0000668, 0.9999333, 1.0000001)
bones/31/name = "LeftIndexProximal"
bones/31/parent = 27
bones/31/rest = Transform3D(1, 0, 0, 0, 1, 0, 0, 0, 1, -0.051196918, 0.09036076, -0.027438285)
bones/31/enabled = true
bones/31/position = Vector3(-0.051196918, 0.09036076, -0.027438285)
bones/31/rotation = Quaternion(-0.08868165, -1.4901161e-08, 0.20442311, 0.97485733)
bones/31/scale = Vector3(1.0000001, 1, 1.0000001)
bones/32/name = "LeftIndexIntermediate"
bones/32/parent = 31
bones/32/rest = Transform3D(1, 0, 0, 0, 1, 0, 0, 0, 1, -6.124657e-17, 0.040936314, -1.7384961e-08)
bones/32/enabled = true
bones/32/position = Vector3(-2.3078779e-17, 0.040936314, -1.7384961e-08)
bones/32/rotation = Quaternion(0.09467158, -4.4703484e-08, 0.028658599, 0.99509597)
bones/32/scale = Vector3(1.0000001, 1, 1)
bones/33/name = "LeftIndexDistal"
bones/33/parent = 32
bones/33/rest = Transform3D(1, 0, 0, 0, 1, 0, 0, 0, 1, 2.1151603e-09, 0.037911877, 4.811068e-08)
bones/33/enabled = true
bones/33/position = Vector3(2.1151598e-09, 0.037911877, 4.811068e-08)
bones/33/rotation = Quaternion(0, 0, 0, 1)
bones/33/scale = Vector3(1, 1, 1)
bones/34/name = "IndexFinger_04_L"
bones/34/parent = 33
bones/34/rest = Transform3D(0.18073457, 0.38474795, -0.90515417, 0.9730307, -0.20407148, 0.10754453, -0.14333846, -0.90018, -0.4112544, 6.12571e-05, 0.037502296, 0.0047178054)
bones/34/enabled = true
bones/34/position = Vector3(6.12571e-05, 0.037502296, 0.0047178054)
bones/34/rotation = Quaternion(0.6700857, 0.50656897, -0.39117846, -0.3759683)
bones/34/scale = Vector3(0.9999999, 1, 1.0000001)
bones/35/name = "LeftMiddleProximal"
bones/35/parent = 27
bones/35/rest = Transform3D(1, 0, 0, 0, 1, 0, 0, 0, 1, 7.450581e-09, 0.10509261, 2.7939677e-08)
bones/35/enabled = true
bones/35/position = Vector3(7.450581e-09, 0.10509261, 2.7939677e-08)
bones/35/rotation = Quaternion(0.002296269, -4.4703484e-08, 0.1251611, 0.9921338)
bones/35/scale = Vector3(1, 0.99999994, 1)
bones/36/name = "LeftMiddleIntermediate"
bones/36/parent = 35
bones/36/rest = Transform3D(1, 0, 0, 0, 1, 0, 0, 0, 1, -3.7987364e-09, 0.042488147, 1.1079647e-08)
bones/36/enabled = true
bones/36/position = Vector3(-3.7987364e-09, 0.042488147, 1.1079647e-08)
bones/36/rotation = Quaternion(0.012286243, -1.043081e-07, 0.026103446, 0.9995837)
bones/36/scale = Vector3(0.99999994, 1, 0.99999994)
bones/37/name = "LeftMiddleDistal"
bones/37/parent = 36
bones/37/rest = Transform3D(1, 0, 0, 0, 1, 0, 0, 0, 1, 1.5080025e-09, 0.03513327, -3.3976484e-08)
bones/37/enabled = true
bones/37/position = Vector3(1.5080025e-09, 0.03513327, -3.3976484e-08)
bones/37/rotation = Quaternion(-2.9802322e-08, -1.4901161e-08, 7.4505806e-08, 1)
bones/37/scale = Vector3(1, 1, 1)
bones/38/name = "Finger_04_L"
bones/38/parent = 37
bones/38/rest = Transform3D(0.013411656, 0.3723282, -0.92800444, 0.98672813, -0.1551303, -0.047979966, -0.16182584, -0.9150444, -0.36946744, 0.0017465184, 0.029211465, 0.0067516416)
bones/38/enabled = true
bones/38/position = Vector3(0.0017465184, 0.029211465, 0.0067516416)
bones/38/rotation = Quaternion(0.6200825, 0.5479337, -0.4393891, -0.34957623)
bones/38/scale = Vector3(0.99999994, 0.99999994, 1.0000004)
bones/39/name = "RightShoulder"
bones/39/parent = 18
bones/39/rest = Transform3D(0, -1, 0, 0, 0, 1, -1, 0, 0, -0.07447151, 0.068917766, 0.019311117)
bones/39/enabled = true
bones/39/position = Vector3(-0.07447151, 0.068917766, 0.019311117)
bones/39/rotation = Quaternion(0.64708275, -0.32318825, -0.42981607, -0.5404549)
bones/39/scale = Vector3(0.99999994, 0.99999994, 1.0000001)
bones/40/name = "RightUpperArm"
bones/40/parent = 39
bones/40/rest = Transform3D(-1, 0, 0, 0, 1, 0, 0, 0, -1, -7.1020487e-09, 0.1319786, 1.48951536e-08)
bones/40/enabled = true
bones/40/position = Vector3(-7.1020487e-09, 0.1319786, 1.48951536e-08)
bones/40/rotation = Quaternion(-0.22901866, 0.97138774, 0.06289839, -5.9604638e-08)
bones/40/scale = Vector3(0.9999998, 1, 0.9999999)
bones/41/name = "RightLowerArm"
bones/41/parent = 40
bones/41/rest = Transform3D(0, 0, 1, 0, 1, 0, -1, 0, 0, 1.0360964e-08, 0.3394807, -3.8999133e-08)
bones/41/enabled = true
bones/41/position = Vector3(1.0360964e-08, 0.3394807, -3.8999133e-08)
bones/41/rotation = Quaternion(-0.024662185, 0.7058119, -0.05523703, 0.7058118)
bones/41/scale = Vector3(0.99999994, 1.0000001, 0.99999994)
bones/42/name = "RightHand"
bones/42/parent = 41
bones/42/rest = Transform3D(0, 0, -1, 0, 1, 0, 1, 0, 0, 1.8655555e-08, 0.2711451, -1.4551915e-09)
bones/42/enabled = true
bones/42/position = Vector3(1.8655555e-08, 0.2711451, -1.4551913e-09)
bones/42/rotation = Quaternion(-0.0665592, -0.69382966, 0.18102713, 0.69382966)
bones/42/scale = Vector3(1, 1.0000001, 1.0000001)
bones/43/name = "RightThumbMetacarpal"
bones/43/parent = 42
bones/43/rest = Transform3D(0, 0.577, -0.816, 0, 0.816, 0.577, 1, 0, 0, 0.0539468, 0.019431561, -0.010681294)
bones/43/enabled = true
bones/43/position = Vector3(0.0539468, 0.019431561, -0.010681294)
bones/43/rotation = Quaternion(-0.34865883, -0.62270254, -0.2543158, 0.65268826)
bones/43/scale = Vector3(1, 0.9993921, 0.9993924)
bones/44/name = "RightThumbProximal"
bones/44/parent = 43
bones/44/rest = Transform3D(0.99999994, 0, 0, 0, 0.9999999, 2.9802322e-08, 0, -2.9802322e-08, 0.9999999, -8.268238e-09, 0.06374017, 2.7572241e-08)
bones/44/enabled = true
bones/44/position = Vector3(-8.268238e-09, 0.06374017, 2.7572241e-08)
bones/44/rotation = Quaternion(0.06936051, -7.9412125e-08, -0.1707419, 0.9828715)
bones/44/scale = Vector3(1.0000039, 0.99999976, 0.9999957)
bones/45/name = "RightThumbDistal"
bones/45/parent = 44
bones/45/rest = Transform3D(1, 0, 0, 0, 1.0000001, 0, 0, 0, 1.0000001, 4.9507705e-09, 0.05668952, -8.341473e-09)
bones/45/enabled = true
bones/45/position = Vector3(4.9507705e-09, 0.05668952, -8.341473e-09)
bones/45/rotation = Quaternion(-2.9802322e-08, 0, -8.940697e-08, 1)
bones/45/scale = Vector3(1.0000668, 0.99993336, 0.99999964)
bones/46/name = "RightIndexProximal"
bones/46/parent = 42
bones/46/rest = Transform3D(1, 0, 0, 0, 1, 0, 0, 0, 1, 0.05119577, 0.09036097, -0.027441494)
bones/46/enabled = true
bones/46/position = Vector3(0.05119577, 0.09036097, -0.027441494)
bones/46/rotation = Quaternion(-0.088673584, 0, -0.20442775, 0.9748571)
bones/46/scale = Vector3(0.9999998, 0.99999994, 0.99999994)
bones/47/name = "RightIndexIntermediate"
bones/47/parent = 46
bones/47/rest = Transform3D(1, 0, 0, 0, 1, 0, 0, 0, 1, 1.3928414e-09, 0.0409359, 1.3480577e-09)
bones/47/enabled = true
bones/47/position = Vector3(1.3928414e-09, 0.0409359, 1.3480577e-09)
bones/47/rotation = Quaternion(0.09470111, -1.4901161e-08, -0.0286704, 0.9950928)
bones/47/scale = Vector3(0.99999994, 1, 1)
bones/48/name = "RightIndexDistal"
bones/48/parent = 47
bones/48/rest = Transform3D(1, 0, 0, 0, 1, 0, 0, 0, 1, -9.756285e-10, 0.037912115, -2.6739281e-08)
bones/48/enabled = true
bones/48/position = Vector3(-9.756285e-10, 0.037912115, -2.6739281e-08)
bones/48/rotation = Quaternion(2.9802322e-08, 2.9802322e-08, -2.9802322e-08, 1.0000001)
bones/48/scale = Vector3(1, 1, 1.0000001)
bones/49/name = "IndexFinger_04_R"
bones/49/parent = 48
bones/49/rest = Transform3D(0.18076809, 0.3847386, -0.9051518, -0.97301275, 0.20415705, -0.10754296, 0.14341705, 0.9001645, 0.4112609, -6.4561034e-05, 0.037498698, 0.00470938)
bones/49/enabled = true
bones/49/position = Vector3(-6.4561034e-05, 0.037498698, 0.00470938)
bones/49/rotation = Quaternion(0.3759489, -0.39119318, -0.50654113, 0.67010933)
bones/49/scale = Vector3(0.9999997, 1, 1.0000004)
bones/50/name = "RightMiddleProximal"
bones/50/parent = 42
bones/50/rest = Transform3D(1, 0, 0, 0, 1, 0, 0, 0, 1, -3.7252903e-09, 0.10509235, -4.4703484e-08)
bones/50/enabled = true
bones/50/position = Vector3(-3.7252903e-09, 0.10509235, -4.4703484e-08)
bones/50/rotation = Quaternion(0.0022962096, -7.450581e-08, -0.12516227, 0.99213374)
bones/50/scale = Vector3(0.99999994, 1, 0.9999999)
bones/51/name = "RightMiddleIntermediate"
bones/51/parent = 50
bones/51/rest = Transform3D(1, 0, 0, 0, 1, 0, 0, 0, 1, -5.7655996e-09, 0.042488083, 3.50915e-08)
bones/51/enabled = true
bones/51/position = Vector3(-5.7655996e-09, 0.042488083, 3.50915e-08)
bones/51/rotation = Quaternion(0.012281179, -7.4505806e-08, -0.02610062, 0.99958396)
bones/51/scale = Vector3(1.0000001, 1.0000001, 1)
bones/52/name = "RightMiddleDistal"
bones/52/parent = 51
bones/52/rest = Transform3D(1, 0, 0, 0, 1, 0, 0, 0, 1, -5.48134e-10, 0.035133235, -3.4659198e-08)
bones/52/enabled = true
bones/52/position = Vector3(-5.48134e-10, 0.035133235, -3.4659198e-08)
bones/52/rotation = Quaternion(-2.9802322e-08, 8.940697e-08, -2.9802322e-08, 1.0000001)
bones/52/scale = Vector3(0.9999999, 0.99999994, 0.99999994)
bones/53/name = "Finger_04_R"
bones/53/parent = 52
bones/53/rest = Transform3D(0.013409317, 0.37232977, -0.928004, -0.98672867, 0.15512465, 0.04798074, 0.16182081, 0.9150448, 0.3694688, -0.0017462167, 0.029209938, 0.00675266)
bones/53/enabled = true
bones/53/position = Vector3(-0.0017462167, 0.029209938, 0.00675266)
bones/53/rotation = Quaternion(0.34957683, -0.4393878, -0.5479359, 0.6200811)
bones/53/scale = Vector3(0.99999964, 1, 1.0000004)
bones/54/name = "RightUpperLeg"
bones/54/parent = 15
bones/54/rest = Transform3D(-1, 0, 0, 0, -1, 0, 0, 0, 1, -0.09896705, -0.041157685, -0.026920697)
bones/54/enabled = true
bones/54/position = Vector3(-0.09896705, -0.041157685, -0.026920697)
bones/54/rotation = Quaternion(-2.9802322e-08, -0.074888125, 0.99706495, 0.015917227)
bones/54/scale = Vector3(0.99999994, 0.9999999, 0.99999994)
bones/55/name = "RightLowerLeg"
bones/55/parent = 54
bones/55/rest = Transform3D(-1, 0, 0, 0, 1, 0, 0, 0, -1, -1.4875424e-09, 0.399309, -1.0433133e-08)
bones/55/enabled = true
bones/55/position = Vector3(-1.4875424e-09, 0.399309, -1.0433133e-08)
bones/55/rotation = Quaternion(3.38394e-08, 0.9999999, -2.9918738e-08, -4.831236e-09)
bones/55/scale = Vector3(1.0000001, 1, 1.0000001)
bones/56/name = "RightFoot"
bones/56/parent = 55
bones/56/rest = Transform3D(-1, 0, 0, 0, 0, -1, 0, -1, 0, 0.0091190655, 0.37665522, 0.016426507)
bones/56/enabled = true
bones/56/position = Vector3(0.0091190655, 0.37665522, 0.016426507)
bones/56/rotation = Quaternion(3.161014e-08, 0.70710677, -0.70710677, -1.0536712e-08)
bones/56/scale = Vector3(0.9999999, 0.9999999, 0.9999998)
bones/57/name = "Ball_R"
bones/57/parent = 56
bones/57/rest = Transform3D(1, 0, 0, 0, 1, 0, 0, 0, 1, -0.0020922748, 0.09638159, -0.05864432)
bones/57/enabled = true
bones/57/position = Vector3(-0.0020922748, 0.09638159, -0.05864432)
bones/57/rotation = Quaternion(0, -7.375698e-08, 1.0536713e-08, 1)
bones/57/scale = Vector3(1, 1.0000001, 1)
bones/58/name = "RightToes"
bones/58/parent = 57
bones/58/rest = Transform3D(-1, 0, 0, 0, 1, 0, 0, 0, -1, -0.00017402136, 0.07295735, 2.174296e-09)
bones/58/enabled = true
bones/58/position = Vector3(-0.00017402136, 0.07295735, 2.174305e-09)
bones/58/rotation = Quaternion(3.8854125e-08, 0.99999994, 0, -3.2927225e-09)
bones/58/scale = Vector3(1.0000001, 1, 1)
bones/59/name = "LeftUpperLeg"
bones/59/parent = 15
bones/59/rest = Transform3D(-1, 0, 0, 0, -1, 0, 0, 0, 1, 0.098967105, -0.041157786, -0.026920749)
bones/59/enabled = true
bones/59/position = Vector3(0.098967105, -0.041157786, -0.026920749)
bones/59/rotation = Quaternion(0, -0.07488813, 0.99706495, -0.015917735)
bones/59/scale = Vector3(1, 1, 0.99999994)
bones/60/name = "LeftLowerLeg"
bones/60/parent = 59
bones/60/rest = Transform3D(-1, 0, 0, 0, 1, 0, 0, 0, -1, -1.1781935e-09, 0.3993092, 3.2697147e-09)
bones/60/enabled = true
bones/60/position = Vector3(-1.1781935e-09, 0.3993092, 3.2697147e-09)
bones/60/rotation = Quaternion(0, 1, -3.2305252e-08, -6.9849193e-09)
bones/60/scale = Vector3(1.0000001, 1, 1.0000001)
bones/61/name = "LeftFoot"
bones/61/parent = 60
bones/61/rest = Transform3D(-1, 0, 0, 0, 0, -1, 0, -1, 0, -0.009120261, 0.37665495, 0.016426498)
bones/61/enabled = true
bones/61/position = Vector3(-0.009120261, 0.37665495, 0.016426498)
bones/61/rotation = Quaternion(4.2146848e-08, 0.70710677, -0.70710677, 0)
bones/61/scale = Vector3(0.9999999, 0.99999976, 0.9999998)
bones/62/name = "Ball_L"
bones/62/parent = 61
bones/62/rest = Transform3D(1, 0, 0, 0, 1, 0, 0, 0, 1, 0.0020923496, 0.09638158, -0.05864429)
bones/62/enabled = true
bones/62/position = Vector3(0.0020923496, 0.09638158, -0.05864429)
bones/62/rotation = Quaternion(0, 5.2683564e-09, -4.7415206e-08, 1)
bones/62/scale = Vector3(1, 1, 1)
bones/63/name = "LeftToes"
bones/63/parent = 62
bones/63/rest = Transform3D(-1, 0, 0, 0, 1, 0, 0, 0, -1, 0.00017403677, 0.0729573, 4.3485633e-09)
bones/63/enabled = true
bones/63/position = Vector3(0.00017403677, 0.0729573, 4.3486077e-09)
bones/63/rotation = Quaternion(-1.3500162e-08, 0.99999994, 0, -2.8646685e-08)
bones/63/scale = Vector3(0.99999994, 0.9999999, 0.99999994)
metadata/humanoid_rotation_delta = {
"Ball_L": Transform3D(-0.0023854421, 0.031742007, 0.9994933, -0.9999975, -7.56929e-05, -0.002384216, -5.7395205e-08, -0.9994962, 0.031742092, 0, -3.7252903e-09, 0),
"Ball_R": Transform3D(-0.0023852426, 0.03174107, 0.99949324, 0.99999714, 7.568002e-05, 0.00238422, 5.8715138e-08, 0.99949634, -0.031741157, 7.450581e-09, 7.450581e-09, 6.7055225e-08),
"Chest": Transform3D(-3.5676253e-15, 5.452801e-16, 1, 1.0000001, -1.1920929e-07, 3.5676253e-15, 4.4703484e-08, 1.0000005, -5.4528016e-16, -1.9852335e-23, 0, 0),
"Head": Transform3D(1, 1.4355557e-07, 8.440158e-08, -1.5514007e-07, 0.98730266, 0.15885077, -6.052597e-08, -0.1588507, 0.98730296, 0, 0, 0),
"Hips": Transform3D(0, 0, 1, 1, -5.9604645e-08, 0, 2.9802322e-08, 1, 0, 0, 0, 0),
"Jaw": Transform3D(-1, -1.4355557e-07, -8.440158e-08, -6.052597e-08, -0.1588507, 0.98730296, -1.5514007e-07, 0.98730266, 0.15885077, 0, 0, 0),
"LeftFoot": Transform3D(-0.018542653, 0.025873056, 0.9994933, -0.8541414, -0.520036, -0.0023843106, 0.51971066, -0.8537527, 0.03174208, 0, 3.7252903e-09, 0),
"LeftHand": Transform3D(-0.2828953, 0.3949723, -0.8740528, 0.94987917, -0.0110340165, -0.3124234, -0.13304277, -0.9186272, -0.3720546, 0, 0, 0),
"LeftIndexDistal": Transform3D(0.0016211197, 0.40580943, -0.9139565, 0.9921787, 0.11342415, 0.05212192, 0.124816224, -0.9068925, -0.4024519, 0, 0, 0),
"LeftIndexIntermediate": Transform3D(4.3213367e-07, 0.39301825, -0.919531, 1.0000001, 7.285271e-07, 9.536743e-07, 1.0058284e-06, -0.9195308, -0.3930186, 0, 0, 0),
"LeftIndexProximal": Transform3D(7.4505806e-08, 0.39088458, -0.9204401, 1.0000002, -5.5383134e-07, 5.9604645e-08, -5.327165e-07, -0.92043984, -0.3908848, 0, 0, 0),
"LeftLowerArm": Transform3D(-0.0005526189, -0.9195371, -0.39300334, 0.9999993, 3.6510162e-08, -0.0014063641, 0.0012933239, -0.39300358, 0.91953665, 0, 0, 0),
"LeftLowerLeg": Transform3D(0.024181472, -0.17185842, 0.98482466, -0.9987582, 0.03876842, 0.03128893, -0.043557353, -0.98435855, -0.17070755, 0, 2.9802322e-08, 0),
"LeftMiddleDistal": Transform3D(0.05815485, 0.4158266, -0.9075834, 0.9726654, 0.1811269, 0.14531189, 0.22481222, -0.89122504, -0.39392677, 0, 0, 0),
"LeftMiddleIntermediate": Transform3D(5.5879354e-08, 0.37689036, -0.9262586, 1.0000004, -8.401403e-07, -2.0116568e-07, -7.972121e-07, -0.9262583, -0.37689057, 0, 0, 0),
"LeftMiddleProximal": Transform3D(-1.3411045e-07, 0.3817729, -0.92425674, 1.0000002, 2.5593909e-07, 1.4901161e-08, 2.8684735e-07, -0.9242564, -0.38177308, 0, 0, 0),
"LeftShoulder": Transform3D(8.940697e-08, -0.41843367, 0.9082478, 1.0000002, 3.8254075e-07, -1.1920929e-07, -4.3213367e-07, 0.90824735, 0.41843373, 0, 3.7252903e-09, 0),
"LeftThumbDistal": Transform3D(0.29957965, 0.8378662, 0.45632133, 0.8485489, -0.45302778, 0.27558014, 0.43762833, 0.30462757, -0.84670407, 0, 0, 0),
"LeftThumbMetacarpal": Transform3D(5.9604645e-07, 0.9645136, 0.26403368, 1.0006082, -5.8859587e-07, 8.940697e-08, 5.9604645e-08, 0.26419395, -0.96510005, 0, 0, 0),
"LeftThumbProximal": Transform3D(0.00019294024, 0.9399427, 0.34152323, 1.00054, 0.00018130988, 6.109476e-05, 4.991889e-06, 0.34168416, -0.9404661, 0, 0, 0),
"LeftToes": Transform3D(0.9994935, -0.031742066, 0.0023854696, 0.0023842433, -7.5693766e-05, -0.9999976, 0.03174215, 0.9994964, 5.7519674e-08, 0, 0, 0),
"LeftUpperArm": Transform3D(-0.002194344, 0.39605173, -0.9182261, 0.9999823, -0.00426832, -0.0042306744, -0.005594805, -0.9182184, -0.39603537, 0, 0, 0),
"LeftUpperLeg": Transform3D(-9.1276723e-07, 0.999997, 0.002385423, -1, -8.903444e-07, 9.9010784e-08, 7.668868e-08, -0.0023854212, 0.9999973, 0, 0, 0),
"Neck": Transform3D(9.553539e-08, 2.8880994e-08, -1, 1.0000001, -7.4505806e-08, 9.553541e-08, 4.4703484e-08, -1.0000004, -2.8880983e-08, 0, 0, 0),
"RightEye": Transform3D(1, 1.4355557e-07, 8.440158e-08, -6.052597e-08, -0.1588507, 0.98730296, 1.5514007e-07, -0.98730266, -0.15885077, 0, 0, 0),
"RightFoot": Transform3D(-0.018541861, 0.025872283, 0.99949324, 0.8541413, 0.52003586, 0.0023842417, -0.51971066, 0.8537527, -0.03174101, 1.4901161e-08, 0, 5.9604645e-08),
"RightHand": Transform3D(-0.28289396, 0.39497462, -0.8740522, -0.94987845, 0.011038848, 0.31242454, 0.13304812, 0.91862583, 0.372055, -2.9802322e-08, -5.9604645e-08, 0),
"RightIndexDistal": Transform3D(0.0016558021, 0.40581134, -0.9139563, -0.9921886, -0.11333707, -0.0521213, -0.12473643, 0.90690243, 0.4024535, 5.9604645e-08, -5.9604645e-08, 1.1920929e-07),
"RightIndexIntermediate": Transform3D(3.5062432e-05, 0.39301622, -0.9195324, -1, 8.682674e-05, -1.2814999e-06, 7.935241e-05, 0.9195317, 0.39301613, 0, -1.1920929e-07, 0),
"RightIndexProximal": Transform3D(1.04010105e-05, 0.3908811, -0.9204421, -1, 2.4106572e-05, -1.2516975e-06, 2.1718442e-05, 0.92044145, 0.39088097, 0, -5.9604645e-08, -1.1920929e-07),
"RightLowerArm": Transform3D(-0.00055299327, -0.91953665, -0.39300457, -0.999999, 3.3078055e-07, 0.001406394, -0.0012931302, 0.393005, -0.9195363, 0, 0, 0),
"RightLowerLeg": Transform3D(0.024180526, -0.1718582, 0.98482466, 0.9987582, -0.03876862, -0.031287994, 0.04355737, 0.98435843, 0.17070754, -1.4901161e-08, -2.9802322e-08, 0),
"RightMiddleDistal": Transform3D(0.058151983, 0.4158276, -0.907583, -0.9726642, -0.18113208, -0.1453113, -0.22481692, 0.8912233, 0.3939274, 0, 0, 1.1920929e-07),
"RightMiddleIntermediate": Transform3D(-2.3692846e-06, 0.37689203, -0.9262578, -0.9999998, -4.441128e-06, 7.711351e-07, -3.9450824e-06, 0.92625743, 0.376892, 0, -5.9604645e-08, 0),
"RightMiddleProximal": Transform3D(3.1664968e-06, 0.38177437, -0.9242563, -0.99999994, 5.911512e-06, -8.940697e-07, 5.040318e-06, 0.9242558, 0.38177428, 0, -5.9604645e-08, 0),
"RightShoulder": Transform3D(-2.0384789e-05, -0.418445, 0.9082425, -1.0000001, 4.9142633e-05, 5.364418e-07, -4.4703484e-05, -0.90824217, -0.41844493, 0, -3.7252903e-09, 0),
"RightThumbDistal": Transform3D(0.29957804, 0.8378651, 0.45632344, -0.8485468, 0.45302865, -0.27558398, -0.43763268, -0.3046284, 0.8467021, -1.1920929e-07, -5.9604645e-08, 0),
"RightThumbMetacarpal": Transform3D(-0.000116065145, 0.96450895, 0.2640497, -1.0006082, -0.00012201816, 5.841255e-06, 3.85046e-05, -0.26421028, 0.96509576, -1.1920929e-07, -8.940697e-08, -5.9604645e-08),
"RightThumbProximal": Transform3D(0.0001925826, 0.9399416, 0.3415258, -1.00054, -0.00018041953, -6.532669e-05, -8.806586e-06, -0.3416869, 0.94046533, -1.1920929e-07, -1.3411045e-07, 5.9604645e-08),
"RightToes": Transform3D(0.99949324, -0.031741064, 0.0023853206, -0.002384298, 7.568249e-05, 0.99999714, -0.031741153, -0.99949646, -5.869326e-08, -7.450581e-09, 0, -6.7055225e-08),
"RightUpperArm": Transform3D(-0.002195743, 0.39605314, -0.9182257, -0.99998206, 0.004264452, 0.004230666, 0.005591226, 0.9182179, 0.39603665, 0, 0, 0),
"RightUpperLeg": Transform3D(1.0423704e-07, 0.99999714, 0.002385228, 1.0000001, -1.2665986e-07, -1.2254914e-07, -8.915239e-08, 0.002385405, -0.9999973, 0, 0, 0),
"Spine": Transform3D(-2.4192597e-15, -3.5393428e-16, -1, 1, 2.9802322e-08, -2.4192595e-15, 1.1175871e-08, -1.0000002, 3.539343e-16, 0, 0, 0),
"UpperChest": Transform3D(-1.18958305e-07, 7.731659e-09, -1, 0.93853086, -0.34519565, -1.1431496e-07, -0.34519553, -0.93853116, 3.380747e-08, 0, 0, 0)
}

[node name="SM_Chr_Santa_01" type="MeshInstance3D" parent="GeneralSkeleton"]
visible = false
mesh = ExtResource("1_oqol2")
skin = ExtResource("2_g5rsb")

[node name="SM_Chr_Gym_Male_01" type="MeshInstance3D" parent="GeneralSkeleton"]
visible = false
mesh = ExtResource("4_7485s")
skin = ExtResource("5_rut0i")

[node name="SM_Chr_Clerk_Male_01" type="MeshInstance3D" parent="GeneralSkeleton"]
visible = false
mesh = ExtResource("6_m7yyy")
skin = ExtResource("7_w7w2y")

[node name="SM_Chr_Attendant_Male_01" type="MeshInstance3D" parent="GeneralSkeleton"]
visible = false
mesh = ExtResource("8_5r2vj")
skin = ExtResource("9_w5pdh")

[node name="SM_Chr_Worker_Male_01" type="MeshInstance3D" parent="GeneralSkeleton"]
visible = false
mesh = ExtResource("10_8s2g3")
skin = ExtResource("11_rvvxc")

[node name="SM_Chr_Hunter_Male_01" type="MeshInstance3D" parent="GeneralSkeleton"]
visible = false
mesh = ExtResource("12_3odmk")
skin = ExtResource("13_4kos3")

[node name="SM_Chr_Shopper_Male_01" type="MeshInstance3D" parent="GeneralSkeleton"]
visible = false
mesh = ExtResource("14_bt82l")
skin = ExtResource("15_6alxj")

[node name="SM_Chr_Musician_Male_01" type="MeshInstance3D" parent="GeneralSkeleton"]
visible = false
mesh = ExtResource("16_5u2q1")
skin = ExtResource("17_m2na8")

[node name="SM_Chr_Musician_Female_01" type="MeshInstance3D" parent="GeneralSkeleton"]
visible = false
mesh = ExtResource("18_4qhbj")
skin = ExtResource("19_ov1px")

[node name="SM_Chr_Shopper_Female_01" type="MeshInstance3D" parent="GeneralSkeleton"]
visible = false
mesh = ExtResource("20_66k2h")
skin = ExtResource("21_3diik")

[node name="SM_Chr_Worker_Female_01" type="MeshInstance3D" parent="GeneralSkeleton"]
visible = false
mesh = ExtResource("22_bekvg")
skin = ExtResource("23_2fkg1")

[node name="SM_Chr_Clerk_Female_01" type="MeshInstance3D" parent="GeneralSkeleton"]
visible = false
mesh = ExtResource("24_0b7xe")
skin = ExtResource("25_d5do8")

[node name="SM_Chr_Attendant_Female_01" type="MeshInstance3D" parent="GeneralSkeleton"]
mesh = ExtResource("26_yghru")
skin = ExtResource("27_6clip")

[node name="SM_Chr_Gym_Female_01" type="MeshInstance3D" parent="GeneralSkeleton"]
visible = false
mesh = ExtResource("28_ur6cf")
skin = ExtResource("29_gamnp")

[node name="SM_Chr_Hair_Long_02" parent="GeneralSkeleton" instance=ExtResource("30_0lpur")]
transform = Transform3D(1, 0, 0, 0, 1, 0, 0, 0, 1, 0, 1.5705097, 0)

[node name="CollisionShape3D" type="CollisionShape3D" parent="."]
process_mode = 1
transform = Transform3D(1, 0, 0, 0, 1, 0, 0, 0, 1, 0, 0.91, 0)
shape = ExtResource("31_teqfv")

[node name="AnimationPlayer" type="AnimationPlayer" parent="."]
