[gd_scene load_steps=19 format=3 uid="uid://dnn2disyoorud"]

[ext_resource type="ArrayMesh" uid="uid://cjqfxpqcqqve5" path="res://Assets/Synty/PolygonShops/Models/Characters/extracted/SM_Chr_Santa_01.mesh" id="1_00h7u"]
[ext_resource type="Material" uid="uid://xivyu5jq04ks" path="res://Assets/Synty/PolygonShops/Materials/PolygonShops_Mat_01_A_mat.tres" id="2_263rs"]
[ext_resource type="ArrayMesh" uid="uid://chk6tn66lrf41" path="res://Assets/Synty/PolygonShops/Models/Characters/extracted/SM_Chr_Gym_Male_01.mesh" id="3_ok4lu"]
[ext_resource type="ArrayMesh" uid="uid://c0c3lbdime31m" path="res://Assets/Synty/PolygonShops/Models/Characters/extracted/SM_Chr_Clerk_Male_01.mesh" id="4_xcm7j"]
[ext_resource type="ArrayMesh" uid="uid://cxrhnsrkwt84x" path="res://Assets/Synty/PolygonShops/Models/Characters/extracted/SM_Chr_Attendant_Male_01.mesh" id="5_vlhxu"]
[ext_resource type="ArrayMesh" uid="uid://00s7j2rms5hh" path="res://Assets/Synty/PolygonShops/Models/Characters/extracted/SM_Chr_Worker_Male_01.mesh" id="6_1bpyd"]
[ext_resource type="ArrayMesh" uid="uid://cc7ahlnuymcr4" path="res://Assets/Synty/PolygonShops/Models/Characters/extracted/SM_Chr_Hunter_Male_01.mesh" id="7_vhe6d"]
[ext_resource type="ArrayMesh" uid="uid://cym8px12lceu0" path="res://Assets/Synty/PolygonShops/Models/Characters/extracted/SM_Chr_Shopper_Male_01.mesh" id="8_vjqyl"]
[ext_resource type="ArrayMesh" uid="uid://cx8cadoqa2m7p" path="res://Assets/Synty/PolygonShops/Models/Characters/extracted/SM_Chr_Musician_Male_01.mesh" id="9_buaoe"]
[ext_resource type="ArrayMesh" uid="uid://b4uq5l4abblly" path="res://Assets/Synty/PolygonShops/Models/Characters/extracted/SM_Chr_Musician_Female_01.mesh" id="10_1xl8q"]
[ext_resource type="ArrayMesh" uid="uid://bmcapd7rdollg" path="res://Assets/Synty/PolygonShops/Models/Characters/extracted/SM_Chr_Shopper_Female_01.mesh" id="11_j5chj"]
[ext_resource type="ArrayMesh" uid="uid://k56y2e1fmlvo" path="res://Assets/Synty/PolygonShops/Models/Characters/extracted/SM_Chr_Worker_Female_01.mesh" id="12_y6dx2"]
[ext_resource type="ArrayMesh" uid="uid://ckd5h1srkilll" path="res://Assets/Synty/PolygonShops/Models/Characters/extracted/SM_Chr_Clerk_Female_01.mesh" id="13_7idx1"]
[ext_resource type="ArrayMesh" uid="uid://bnvy7iulbudvj" path="res://Assets/Synty/PolygonShops/Models/Characters/extracted/SM_Chr_Attendant_Female_01.mesh" id="14_py70e"]
[ext_resource type="ArrayMesh" uid="uid://cqgaybe786v5n" path="res://Assets/Synty/PolygonShops/Models/Characters/extracted/SM_Chr_Gym_Female_01.mesh" id="15_emwa3"]
[ext_resource type="Shape3D" uid="uid://bprf0x6oabdg6" path="res://Assets/Synty/PolygonShops/Models/Collision/Synty_Character_Collider.tres" id="16_8cepq"]
[ext_resource type="PackedScene" uid="uid://ctr6wgyoo4svk" path="res://Assets/Synty/PolygonShops/Prefabs/Characters/Attachments/SM_Chr_Hair_Net_Female_01.tscn" id="16_ok4lu"]

[sub_resource type="Skin" id="Skin_63lk0"]
resource_name = "Skin"
bind_count = 50
bind/0/name = &"LeftFoot"
bind/0/bone = -1
bind/0/pose = Transform3D(-0.9994933, -0.031741973, 0.002385456, 0.0023842615, 7.5638294e-05, 0.99999726, -0.031742055, 0.99949616, 1.6959353e-16, 0.11624083, 0.03659661, -0.052033436)
bind/1/name = &"RightFoot"
bind/1/bone = -1
bind/1/pose = Transform3D(-0.9994932, 0.031741038, -0.002385241, -0.0023842014, 7.57575e-05, 0.999997, 0.031741112, 0.999496, 2.9802322e-08, -0.116241165, 0.036596574, -0.05203351)
bind/2/name = &"Ball_L"
bind/2/bone = -1
bind/2/pose = Transform3D(-0.99949336, -0.031741977, 0.0023854543, 0.0023842603, 7.560849e-05, 0.99999726, -0.031742055, 0.99949616, 5.9592544e-08, 0.114148475, -0.05978497, 0.0066108513)
bind/3/name = &"Ball_R"
bind/3/bone = -1
bind/3/pose = Transform3D(-0.9994932, 0.031741034, -0.002385241, -0.0023842002, 7.566809e-05, 0.9999971, 0.031741112, 0.999496, 2.9793203e-08, -0.11414888, -0.059785, 0.006610801)
bind/4/name = &"LeftShoulder"
bind/4/bone = -1
bind/4/pose = Transform3D(0.4216357, -0.4183985, 0.80446655, 0.88285244, -0.012983121, -0.4694715, 0.20687057, 0.9081708, 0.36391005, 0.54016465, -0.041317858, -1.2846029)
bind/5/name = &"RightShoulder"
bind/5/bone = -1
bind/5/pose = Transform3D(0.4216152, 0.41840935, -0.80447143, -0.8828513, -0.013032547, -0.4694718, -0.20691559, 0.90816486, 0.3638986, -0.54018265, -0.04124892, -1.2846011)
bind/6/name = &"LeftLowerArm"
bind/6/bone = -1
bind/6/pose = Transform3D(0.0275939, -0.9195369, -0.39203396, 0.99753207, -3.0545092e-08, 0.07021272, -0.06456307, -0.39300385, 0.9172676, 1.2159739, -0.52411354, 0.6178284)
bind/7/name = &"RightLowerArm"
bind/7/bone = -1
bind/7/pose = Transform3D(0.027593844, 0.919536, 0.3920353, -0.9975319, -8.863641e-08, 0.07021258, 0.06456304, -0.39300513, 0.91726714, -1.2159708, -0.52411366, 0.6178295)
bind/8/name = &"Eyebrows"
bind/8/bone = -1
bind/8/pose = Transform3D(1, 9.2384384e-15, -6.401608e-15, -1.0126616e-14, 0.99999994, -1.4901406e-08, 9.954321e-15, 1.4901412e-08, 0.99999994, -9.735997e-15, -1.6967815, -0.11788259)
bind/9/name = &"RightEye"
bind/9/bone = -1
bind/9/pose = Transform3D(1, -3.909699e-09, 2.4300144e-08, -2.4612664e-08, -0.15885052, 0.9873025, 5.1237257e-14, -0.9873025, -0.15885052, 3.6395698e-09, 0.14787608, 1.6611907)
bind/10/name = &"LeftHand"
bind/10/bone = -1
bind/10/pose = Transform3D(-0.28289524, 0.39497256, -0.8740522, 0.9498788, -0.011033795, -0.31242338, -0.13304271, -0.9186266, -0.37205464, -0.34119213, -0.7552137, 1.3438678)
bind/11/name = &"LeftMiddleProximal"
bind/11/bone = -1
bind/11/pose = Transform3D(-0.038202934, 0.37932938, -0.92447287, 0.9897603, -0.11296647, -0.087253116, -0.13753198, -0.9183397, -0.37112954, -0.5433896, -0.7424839, 1.3475775)
bind/12/name = &"LeftMiddleIntermediate"
bind/12/bone = -1
bind/12/pose = Transform3D(0.013411652, 0.3723282, -0.9280043, 0.986728, -0.15513031, -0.047979966, -0.16182584, -0.91504437, -0.3694674, -0.58274853, -0.7222086, 1.3661028)
bind/13/name = &"LeftMiddleDistal"
bind/13/bone = -1
bind/13/pose = Transform3D(0.013411671, 0.37232813, -0.9280044, 0.9867281, -0.15513031, -0.047979966, -0.1618258, -0.9150444, -0.36946738, -0.5827486, -0.75734204, 1.3661028)
bind/14/name = &"Finger_04_L"
bind/14/bone = -1
bind/14/pose = Transform3D(0.99999994, 1.3038507e-08, 4.6565423e-09, -6.7405788e-09, 1, -9.0639185e-09, -7.4505775e-09, -1.1175973e-08, 0.9999999, -1.0039319, -1.3394725, 0.07791693)
bind/15/name = &"LeftIndexProximal"
bind/15/bone = -1
bind/15/pose = Transform3D(0.12416219, 0.39087078, -0.91203284, 0.9913058, -0.008526807, 0.13130005, 0.043544732, -0.9204061, -0.38853115, -0.6524954, -0.88312507, 1.2140479)
bind/16/name = &"LeftIndexIntermediate"
bind/16/bone = -1
bind/16/pose = Transform3D(0.18073457, 0.38474798, -0.90515435, 0.9730306, -0.20407145, 0.10754452, -0.14333844, -0.90018, -0.41125438, -0.69754064, -0.6400196, 1.3628519)
bind/17/name = &"LeftIndexDistal"
bind/17/bone = -1
bind/17/pose = Transform3D(0.18073454, 0.38474798, -0.9051541, 0.9730306, -0.2040714, 0.10754451, -0.14333844, -0.9001799, -0.41125435, -0.69754046, -0.6779315, 1.3628517)
bind/18/name = &"IndexFinger_04_L"
bind/18/bone = -1
bind/18/pose = Transform3D(1, -5.993103e-14, -4.4554638e-14, -5.3517217e-09, 0.9999999, -2.5107703e-08, 1.4901154e-08, -1.30386235e-08, 1, -1.0168931, -1.3449663, -0.004042416)
bind/19/name = &"LeftThumbMetacarpal"
bind/19/bone = -1
bind/19/pose = Transform3D(0.007819787, 0.9483089, 0.317252, 0.8317198, -0.18264556, 0.5254513, 0.55623496, 0.2597557, -0.79015553, -1.2894713, -0.4535827, -0.8062028)
bind/20/name = &"LeftThumbProximal"
bind/20/bone = -1
bind/20/pose = Transform3D(0.2994231, 0.8379588, 0.45625788, 0.84849083, -0.4531908, 0.2754965, 0.43762654, 0.3046405, -0.84669596, -1.4068913, -0.15924725, -0.7584429)
bind/21/name = &"LeftThumbDistal"
bind/21/bone = -1
bind/21/pose = Transform3D(0.29942304, 0.8379589, 0.45625782, 0.8484907, -0.45319077, 0.2754966, 0.4376265, 0.30464038, -0.8466959, -1.4068915, -0.21593721, -0.7584429)
bind/22/name = &"RightHand"
bind/22/bone = -1
bind/22/pose = Transform3D(-0.28289416, -0.39497453, 0.8740515, -0.9498781, -0.011038315, -0.31242457, 0.13304773, -0.9186254, -0.3720553, 0.3411951, -0.7552071, 1.3438689)
bind/23/name = &"RightMiddleProximal"
bind/23/bone = -1
bind/23/pose = Transform3D(-0.03819978, -0.37933016, 0.92447263, -0.98975927, -0.11297213, -0.08725249, 0.13753702, -0.91833854, -0.3711303, 0.5433929, -0.7424753, 1.3475788)
bind/24/name = &"RightMiddleIntermediate"
bind/24/bone = -1
bind/24/pose = Transform3D(0.013409331, -0.37232977, 0.9280041, -0.9867288, -0.1551247, -0.047980767, 0.16182087, -0.9150451, -0.3694688, 0.58274764, -0.72221684, 1.3660967)
bind/25/name = &"RightMiddleDistal"
bind/25/bone = -1
bind/25/pose = Transform3D(0.013409317, -0.3723297, 0.9280039, -0.98672855, -0.15512462, -0.047980726, 0.16182077, -0.91504467, -0.3694688, 0.5827476, -0.7573502, 1.3660966)
bind/26/name = &"Finger_04_R"
bind/26/bone = -1
bind/26/pose = Transform3D(0.99999994, -4.656617e-09, 6.519252e-09, -1.4741228e-08, -1, 1.0026063e-08, 4.6565853e-09, -8.195629e-08, -0.99999994, 1.00393, 1.33947, -0.07791698)
bind/27/name = &"RightIndexProximal"
bind/27/bone = -1
bind/27/pose = Transform3D(0.12417261, -0.390867, 0.91203314, -0.9913053, -0.008549908, 0.13130139, -0.04352356, -0.92040735, -0.38853037, 0.65250057, -0.88309354, 1.2140707)
bind/28/name = &"RightIndexIntermediate"
bind/28/bone = -1
bind/28/pose = Transform3D(0.18076807, -0.38473862, 0.90515184, -0.9730127, -0.20415698, 0.10754297, 0.14341706, -0.90016454, -0.41126087, 0.6975597, -0.6398857, 1.3629057)
bind/29/name = &"RightIndexDistal"
bind/29/bone = -1
bind/29/pose = Transform3D(0.18076809, -0.38473862, 0.90515184, -0.97301275, -0.20415702, 0.107542984, 0.14341703, -0.9001645, -0.41126084, 0.6975599, -0.677798, 1.3629055)
bind/30/name = &"IndexFinger_04_R"
bind/30/bone = -1
bind/30/pose = Transform3D(0.99999994, -7.450616e-09, 3.7252768e-09, -1.9630356e-08, -0.99999994, -2.16864e-08, 1.1175851e-08, -1.6763732e-08, -0.99999994, 1.01689, 1.34497, 0.0040424555)
bind/31/name = &"RightThumbMetacarpal"
bind/31/bone = -1
bind/31/pose = Transform3D(0.0077130795, -0.948326, -0.31720406, -0.8317415, -0.18252462, 0.5254585, -0.5562033, 0.259779, -0.7901705, 1.2893999, -0.4537647, -0.8062062)
bind/32/name = &"RightThumbProximal"
bind/32/bone = -1
bind/32/pose = Transform3D(0.29942128, -0.83795804, -0.45626026, -0.848489, -0.45319167, 0.27550033, -0.43763074, 0.304641, -0.8466939, 1.406892, -0.15924315, -0.7584486)
bind/33/name = &"RightThumbDistal"
bind/33/bone = -1
bind/33/pose = Transform3D(0.29942137, -0.83795816, -0.4562603, -0.8484887, -0.45319173, 0.27550027, -0.43763077, 0.30464104, -0.8466937, 1.406892, -0.21593261, -0.7584486)
bind/34/name = &"Head"
bind/34/bone = -1
bind/34/pose = Transform3D(1, -3.909699e-09, 2.4300144e-08, -5.1237257e-14, 0.9873025, 0.15885052, -2.4612664e-08, -0.15885052, 0.9873025, 6.2523644e-09, -1.5484198, 0.2540325)
bind/35/name = &"Hips"
bind/35/bone = -1
bind/35/pose = Transform3D(1, 3.9604703e-15, -6.485205e-15, -4.8849813e-15, 0.988775, -0.14941198, 5.820667e-15, 0.14941195, 0.988775, -3.4704657e-15, -0.86644, -0.13092609)
bind/36/name = &"Jaw"
bind/36/bone = -1
bind/36/pose = Transform3D(-1, 3.909699e-09, -2.4300144e-08, -2.4612664e-08, -0.15885052, 0.9873025, -5.1237257e-14, 0.9873025, 0.15885052, 4.5913832e-05, 0.24259141, -1.6135392)
bind/37/name = &"LeftLowerLeg"
bind/37/bone = -1
bind/37/pose = Transform3D(0.9994933, 0.031741973, -0.0023854524, 0.03174205, -0.9994962, 2.6077032e-08, -0.0023842454, -7.5709075e-05, -0.9999972, -0.12536108, 0.4286884, -0.020170115)
bind/38/name = &"RightLowerLeg"
bind/38/bone = -1
bind/38/pose = Transform3D(0.9994931, -0.031741023, 0.002385214, -0.031741112, -0.999496, 4.1909516e-08, 0.0023841858, -7.574633e-05, -0.999997, 0.12536022, 0.42868876, -0.020170074)
bind/39/name = &"Neck"
bind/39/bone = -1
bind/39/pose = Transform3D(1, -3.9097006e-09, 2.4300146e-08, -5.0039257e-14, 0.9873026, 0.15885061, -2.4612664e-08, -0.1588506, 0.9873026, 6.2523697e-09, -1.4267756, 0.25403252)
bind/40/name = &"Root"
bind/40/bone = -1
bind/40/pose = Transform3D(1, 0, 0, 0, 1, 0, 0, 0, 1, 0, 0, 0)
bind/41/name = &"LeftUpperArm"
bind/41/bone = -1
bind/41/pose = Transform3D(0.021383192, 0.39488286, -0.91848266, 0.99613005, -0.08675446, -0.01410725, -0.08525311, -0.9146263, -0.39520967, -0.5976013, -0.07031046, 1.2688352)
bind/42/name = &"RightUpperArm"
bind/42/bone = -1
bind/42/pose = Transform3D(0.021381544, -0.39488414, 0.9184824, -0.99613035, -0.086750254, -0.014107538, 0.085249364, -0.9146262, -0.395211, 0.59760183, -0.07031632, 1.2688316)
bind/43/name = &"Spine"
bind/43/bone = -1
bind/43/pose = Transform3D(1, 6.7862107e-15, -6.6269744e-15, -6.4484953e-15, 0.9987644, 0.049695503, 6.956031e-15, -0.049695525, 0.9987645, -6.2391862e-15, -0.9770607, 0.0641636)
bind/44/name = &"Chest"
bind/44/bone = -1
bind/44/pose = Transform3D(1, 7.953698e-15, -6.6835766e-15, -8.844715e-15, 0.9892728, -0.14608015, 5.4500052e-15, 0.1460801, 0.989273, -7.594224e-15, -1.148833, -0.16306245)
bind/45/name = &"UpperChest"
bind/45/bone = -1
bind/45/pose = Transform3D(1, -1.5838417e-07, -2.2471504e-08, 1.5340251e-07, 0.90959734, 0.41549122, -4.5367198e-08, -0.4154911, 0.90959746, 2.1109632e-07, -1.2029666, 0.58540654)
bind/46/name = &"LeftToes"
bind/46/bone = -1
bind/46/pose = Transform3D(0.99949336, 0.031741977, -0.0023854543, 0.0023842603, 7.560849e-05, 0.99999726, 0.031742055, -0.99949616, -5.9592562e-08, -0.113974445, -0.13274226, -0.0066108466)
bind/47/name = &"RightToes"
bind/47/bone = -1
bind/47/pose = Transform3D(0.9994932, -0.031741034, 0.002385241, -0.0023842005, 7.56681e-05, 0.9999971, -0.031741112, -0.999496, -2.9793208e-08, 0.11397486, -0.13274235, -0.006610799)
bind/48/name = &"LeftUpperLeg"
bind/48/bone = -1
bind/48/pose = Transform3D(-0.9994931, -0.031741973, 0.0023854233, 0.031742048, -0.9994961, 2.6025553e-08, 0.0023842205, 7.571006e-05, 0.9999972, 0.12536106, 0.82799745, 0.020170122)
bind/49/name = &"RightUpperLeg"
bind/49/bone = -1
bind/49/pose = Transform3D(-0.9994931, 0.03174103, -0.002385174, -0.031741112, -0.99949604, 4.6595265e-08, -0.0023841495, 7.573986e-05, 0.999997, -0.12536022, 0.8279978, 0.020170068)

[node name="SM_Chr_Worker_Female_01" type="CharacterBody3D"]
process_mode = 1

[node name="GeneralSkeleton" type="Skeleton3D" parent="."]
unique_name_in_owner = true
motion_scale = 0.8762761
bones/0/name = "SM_Chr_Santa_01"
bones/0/parent = -1
bones/0/rest = Transform3D(1, 0, 0, 0, 1, 0, 0, 0, 1, 0, 0, 0)
bones/0/enabled = true
bones/0/position = Vector3(0, 0, 0)
bones/0/rotation = Quaternion(0, 0, 0, 1)
bones/0/scale = Vector3(1, 1, 1)
bones/1/name = "SM_Chr_Gym_Male_01"
bones/1/parent = -1
bones/1/rest = Transform3D(1, 0, 0, 0, 1, 0, 0, 0, 1, 0, 0, 0)
bones/1/enabled = true
bones/1/position = Vector3(0, 0, 0)
bones/1/rotation = Quaternion(0, 0, 0, 1)
bones/1/scale = Vector3(1, 1, 1)
bones/2/name = "SM_Chr_Clerk_Male_01"
bones/2/parent = -1
bones/2/rest = Transform3D(1, 0, 0, 0, 1, 0, 0, 0, 1, 0, 0, 0)
bones/2/enabled = true
bones/2/position = Vector3(0, 0, 0)
bones/2/rotation = Quaternion(0, 0, 0, 1)
bones/2/scale = Vector3(1, 1, 1)
bones/3/name = "SM_Chr_Attendant_Male_01"
bones/3/parent = -1
bones/3/rest = Transform3D(1, 0, 0, 0, 1, 0, 0, 0, 1, 0, 0, 0)
bones/3/enabled = true
bones/3/position = Vector3(0, 0, 0)
bones/3/rotation = Quaternion(0, 0, 0, 1)
bones/3/scale = Vector3(1, 1, 1)
bones/4/name = "SM_Chr_Worker_Male_01"
bones/4/parent = -1
bones/4/rest = Transform3D(1, 0, 0, 0, 1, 0, 0, 0, 1, 0, 0, 0)
bones/4/enabled = true
bones/4/position = Vector3(0, 0, 0)
bones/4/rotation = Quaternion(0, 0, 0, 1)
bones/4/scale = Vector3(1, 1, 1)
bones/5/name = "SM_Chr_Hunter_Male_01"
bones/5/parent = -1
bones/5/rest = Transform3D(1, 0, 0, 0, 1, 0, 0, 0, 1, 0, 0, 0)
bones/5/enabled = true
bones/5/position = Vector3(0, 0, 0)
bones/5/rotation = Quaternion(0, 0, 0, 1)
bones/5/scale = Vector3(1, 1, 1)
bones/6/name = "SM_Chr_Shopper_Male_01"
bones/6/parent = -1
bones/6/rest = Transform3D(1, 0, 0, 0, 1, 0, 0, 0, 1, 0, 0, 0)
bones/6/enabled = true
bones/6/position = Vector3(0, 0, 0)
bones/6/rotation = Quaternion(0, 0, 0, 1)
bones/6/scale = Vector3(1, 1, 1)
bones/7/name = "SM_Chr_Musician_Male_01"
bones/7/parent = -1
bones/7/rest = Transform3D(1, 0, 0, 0, 1, 0, 0, 0, 1, 0, 0, 0)
bones/7/enabled = true
bones/7/position = Vector3(0, 0, 0)
bones/7/rotation = Quaternion(0, 0, 0, 1)
bones/7/scale = Vector3(1, 1, 1)
bones/8/name = "SM_Chr_Musician_Female_01"
bones/8/parent = -1
bones/8/rest = Transform3D(1, 0, 0, 0, 1, 0, 0, 0, 1, 0, 0, 0)
bones/8/enabled = true
bones/8/position = Vector3(0, 0, 0)
bones/8/rotation = Quaternion(0, 0, 0, 1)
bones/8/scale = Vector3(1, 1, 1)
bones/9/name = "SM_Chr_Shopper_Female_01"
bones/9/parent = -1
bones/9/rest = Transform3D(1, 0, 0, 0, 1, 0, 0, 0, 1, 0, 0, 0)
bones/9/enabled = true
bones/9/position = Vector3(0, 0, 0)
bones/9/rotation = Quaternion(0, 0, 0, 1)
bones/9/scale = Vector3(1, 1, 1)
bones/10/name = "SM_Chr_Worker_Female_01"
bones/10/parent = -1
bones/10/rest = Transform3D(1, 0, 0, 0, 1, 0, 0, 0, 1, 0, 0, 0)
bones/10/enabled = true
bones/10/position = Vector3(0, 0, 0)
bones/10/rotation = Quaternion(0, 0, 0, 1)
bones/10/scale = Vector3(1, 1, 1)
bones/11/name = "SM_Chr_Clerk_Female_01"
bones/11/parent = -1
bones/11/rest = Transform3D(1, 0, 0, 0, 1, 0, 0, 0, 1, 0, 0, 0)
bones/11/enabled = true
bones/11/position = Vector3(0, 0, 0)
bones/11/rotation = Quaternion(0, 0, 0, 1)
bones/11/scale = Vector3(1, 1, 1)
bones/12/name = "SM_Chr_Attendant_Female_01"
bones/12/parent = -1
bones/12/rest = Transform3D(1, 0, 0, 0, 1, 0, 0, 0, 1, 0, 0, 0)
bones/12/enabled = true
bones/12/position = Vector3(0, 0, 0)
bones/12/rotation = Quaternion(0, 0, 0, 1)
bones/12/scale = Vector3(1, 1, 1)
bones/13/name = "SM_Chr_Gym_Female_01"
bones/13/parent = -1
bones/13/rest = Transform3D(1, 0, 0, 0, 1, 0, 0, 0, 1, 0, 0, 0)
bones/13/enabled = true
bones/13/position = Vector3(0, 0, 0)
bones/13/rotation = Quaternion(0, 0, 0, 1)
bones/13/scale = Vector3(1, 1, 1)
bones/14/name = "Root"
bones/14/parent = -1
bones/14/rest = Transform3D(1, 0, 0, 0, 1, 0, 0, 0, 1, 0, 0, 0)
bones/14/enabled = true
bones/14/position = Vector3(0, 0, 0)
bones/14/rotation = Quaternion(0, 0, 0, 1)
bones/14/scale = Vector3(1, 1, 1)
bones/15/name = "Hips"
bones/15/parent = 14
bones/15/rest = Transform3D(1, 0, 0, 0, 1, 0, 0, 0, 1, 5.0487097e-31, 0.8762761, 3.5128346e-17)
bones/15/enabled = true
bones/15/position = Vector3(0, 0.8762761, 0)
bones/15/rotation = Quaternion(-0.07491655, 0, 0, 0.9971899)
bones/15/scale = Vector3(1, 1, 1)
bones/16/name = "Spine"
bones/16/parent = 15
bones/16/rest = Transform3D(1, 0, 0, 0, 1, 0, 0, 0, 1, 1.323489e-23, 0.10393265, -3.0974343e-09)
bones/16/enabled = true
bones/16/position = Vector3(-1.0308907e-17, 0.10393265, -3.0974343e-09)
bones/16/rotation = Quaternion(0.09967896, 0, 0, 0.9950197)
bones/16/scale = Vector3(1, 1, 0.9999999)
bones/17/name = "Chest"
bones/17/parent = 16
bones/17/rest = Transform3D(1, 0, 0, 0, 1, 0, 0, 0, 1, -5.293956e-23, 0.18151169, -2.7047349e-09)
bones/17/enabled = true
bones/17/position = Vector3(4.717914e-18, 0.18151169, -2.7047349e-09)
bones/17/rotation = Quaternion(-0.09800282, 0, 0, 0.9951862)
bones/17/scale = Vector3(1, 1, 0.9999999)
bones/18/name = "UpperChest"
bones/18/parent = 17
bones/18/rest = Transform3D(1, 0, 0, 0, 1, 0, 0, 0, 1, -5.293956e-23, 0.17903724, -8.003589e-09)
bones/18/enabled = true
bones/18/position = Vector3(-2.1619682e-17, 0.17903724, -8.003589e-09)
bones/18/rotation = Quaternion(0.28359762, 0, -5.960465e-08, 0.9589435)
bones/18/scale = Vector3(1, 1, 1)
bones/19/name = "Neck"
bones/19/parent = 18
bones/19/rest = Transform3D(1, 0, 0, 0, 1, 0, 0, 0, 1, -1.7861346e-08, 0.10501191, -0.03862382)
bones/19/enabled = true
bones/19/position = Vector3(-1.7861346e-08, 0.10501191, -0.03862382)
bones/19/rotation = Quaternion(-0.1340731, 2.9802319e-08, 1.04308114e-07, 0.99097145)
bones/19/scale = Vector3(1, 1, 1.0000001)
bones/20/name = "Head"
bones/20/parent = 19
bones/20/rest = Transform3D(1, 0, 0, 0, 1, 0, 0, 0, 1, 3.5163016e-15, 0.121644355, 7.250568e-09)
bones/20/enabled = true
bones/20/position = Vector3(3.5079323e-15, 0.121644355, 7.250568e-09)
bones/20/rotation = Quaternion(4.4703484e-08, -4.4703484e-08, 2.9802322e-08, 1)
bones/20/scale = Vector3(1, 1, 1)
bones/21/name = "RightEye"
bones/21/parent = 20
bones/21/rest = Transform3D(1, 0, 0, 0, 0, -1, 0, 1, 0, 2.612793e-09, 0.11277094, 0.10615632)
bones/21/enabled = true
bones/21/position = Vector3(2.612793e-09, 0.11277094, 0.10615632)
bones/21/rotation = Quaternion(0.7071068, 0, 0, 0.7071068)
bones/21/scale = Vector3(1, 1, 1)
bones/22/name = "Eyebrows"
bones/22/parent = 20
bones/22/rest = Transform3D(1, -3.9097086e-09, 2.4300153e-08, -4.2632564e-14, 0.9873026, 0.15885055, -2.4612675e-08, -0.15885055, 0.9873026, 2.4830176e-09, 0.14554262, 0.10088357)
bones/22/enabled = true
bones/22/position = Vector3(2.4830176e-09, 0.14554262, 0.10088357)
bones/22/rotation = Quaternion(-0.079678625, 1.2267215e-08, 9.805308e-10, 0.99682075)
bones/22/scale = Vector3(1, 0.99999994, 0.99999994)
bones/23/name = "Jaw"
bones/23/parent = 20
bones/23/rest = Transform3D(-1, 0, 0, 0, 0, 1, 0, 1, 0, 4.5920086e-05, 0.06511938, 0.011441052)
bones/23/enabled = true
bones/23/position = Vector3(4.5920086e-05, 0.06511938, 0.011441052)
bones/23/rotation = Quaternion(0, 0.7071068, 0.7071068, 0)
bones/23/scale = Vector3(1, 1, 1)
bones/24/name = "LeftShoulder"
bones/24/parent = 18
bones/24/rest = Transform3D(0, 1, 0, 0, 0, 1, 1, 0, 0, 0.07447153, 0.0689145, 0.019312639)
bones/24/enabled = true
bones/24/position = Vector3(0.07447153, 0.0689145, 0.019312639)
bones/24/rotation = Quaternion(0.6470764, 0.3231947, 0.42979914, -0.540472)
bones/24/scale = Vector3(0.99999994, 0.99999994, 1.0000001)
bones/25/name = "LeftUpperArm"
bones/25/parent = 24
bones/25/rest = Transform3D(-1, 0, 0, 0, 1, 0, 0, 0, -1, 3.1768135e-09, 0.13197874, -5.0247763e-08)
bones/25/enabled = true
bones/25/position = Vector3(3.1768137e-09, 0.13197874, -5.0247763e-08)
bones/25/rotation = Quaternion(0.22902973, 0.97138685, 0.06287315, 8.940695e-08)
bones/25/scale = Vector3(1, 1, 0.99999994)
bones/26/name = "LeftLowerArm"
bones/26/parent = 25
bones/26/rest = Transform3D(0, 0, -1, 0, 1, 0, 1, 0, 0, 2.6775524e-09, 0.33948022, 5.8556907e-08)
bones/26/enabled = true
bones/26/position = Vector3(2.6775524e-09, 0.33948022, 5.8556907e-08)
bones/26/rotation = Quaternion(-0.024664067, -0.7058118, 0.055237878, 0.7058118)
bones/26/scale = Vector3(0.9999999, 1, 0.99999994)
bones/27/name = "LeftHand"
bones/27/parent = 26
bones/27/rest = Transform3D(0, 0, 1, 0, 1, 0, -1, 0, 0, 2.271554e-08, 0.27114555, -3.8708095e-09)
bones/27/enabled = true
bones/27/position = Vector3(2.271554e-08, 0.27114555, -3.8708095e-09)
bones/27/rotation = Quaternion(-0.06656139, 0.6938297, -0.18102565, 0.6938297)
bones/27/scale = Vector3(0.99999994, 1, 0.9999999)
bones/28/name = "LeftThumbMetacarpal"
bones/28/parent = 27
bones/28/rest = Transform3D(0, -0.577, 0.816, 0, 0.816, 0.577, -1, 0, 0, -0.05394575, 0.019432008, -0.010683967)
bones/28/enabled = true
bones/28/position = Vector3(-0.05394575, 0.019432008, -0.010683967)
bones/28/rotation = Quaternion(-0.34863123, 0.62271255, 0.254371, 0.65267205)
bones/28/scale = Vector3(1, 0.99939233, 0.99939245)
bones/29/name = "LeftThumbProximal"
bones/29/parent = 28
bones/29/rest = Transform3D(0.99999994, 0, 0, 0, 0.9999999, 2.9802322e-08, 0, -2.9802322e-08, 0.9999999, 4.2240995e-08, 0.063740864, -1.2340065e-08)
bones/29/enabled = true
bones/29/position = Vector3(4.2240995e-08, 0.063740864, -1.2340065e-08)
bones/29/rotation = Quaternion(0.06938301, -4.7246886e-08, 0.17068414, 0.98288)
bones/29/scale = Vector3(1.0000038, 0.99999976, 0.99999577)
bones/30/name = "LeftThumbDistal"
bones/30/parent = 29
bones/30/rest = Transform3D(1, 0, 0, 0, 1.0000001, 0, 0, 0, 1.0000001, 4.5609475e-08, 0.056690156, -7.083025e-09)
bones/30/enabled = true
bones/30/position = Vector3(4.5609475e-08, 0.056690156, -7.083025e-09)
bones/30/rotation = Quaternion(1.4901161e-08, -1.4901161e-08, 2.9802322e-08, 0.99999994)
bones/30/scale = Vector3(1.0000668, 0.9999333, 1.0000001)
bones/31/name = "LeftIndexProximal"
bones/31/parent = 27
bones/31/rest = Transform3D(1, 0, 0, 0, 1, 0, 0, 0, 1, -0.051196918, 0.09036076, -0.027438285)
bones/31/enabled = true
bones/31/position = Vector3(-0.051196918, 0.09036076, -0.027438285)
bones/31/rotation = Quaternion(-0.08868165, -1.4901161e-08, 0.20442311, 0.97485733)
bones/31/scale = Vector3(1.0000001, 1, 1.0000001)
bones/32/name = "LeftIndexIntermediate"
bones/32/parent = 31
bones/32/rest = Transform3D(1, 0, 0, 0, 1, 0, 0, 0, 1, -6.124657e-17, 0.040936314, -1.7384961e-08)
bones/32/enabled = true
bones/32/position = Vector3(-2.3078779e-17, 0.040936314, -1.7384961e-08)
bones/32/rotation = Quaternion(0.09467158, -4.4703484e-08, 0.028658599, 0.99509597)
bones/32/scale = Vector3(1.0000001, 1, 1)
bones/33/name = "LeftIndexDistal"
bones/33/parent = 32
bones/33/rest = Transform3D(1, 0, 0, 0, 1, 0, 0, 0, 1, 2.1151603e-09, 0.037911877, 4.811068e-08)
bones/33/enabled = true
bones/33/position = Vector3(2.1151598e-09, 0.037911877, 4.811068e-08)
bones/33/rotation = Quaternion(0, 0, 0, 1)
bones/33/scale = Vector3(1, 1, 1)
bones/34/name = "IndexFinger_04_L"
bones/34/parent = 33
bones/34/rest = Transform3D(0.18073457, 0.38474795, -0.90515417, 0.9730307, -0.20407148, 0.10754453, -0.14333846, -0.90018, -0.4112544, 6.12571e-05, 0.037502296, 0.0047178054)
bones/34/enabled = true
bones/34/position = Vector3(6.12571e-05, 0.037502296, 0.0047178054)
bones/34/rotation = Quaternion(0.6700857, 0.50656897, -0.39117846, -0.3759683)
bones/34/scale = Vector3(0.9999999, 1, 1.0000001)
bones/35/name = "LeftMiddleProximal"
bones/35/parent = 27
bones/35/rest = Transform3D(1, 0, 0, 0, 1, 0, 0, 0, 1, 7.450581e-09, 0.10509261, 2.7939677e-08)
bones/35/enabled = true
bones/35/position = Vector3(7.450581e-09, 0.10509261, 2.7939677e-08)
bones/35/rotation = Quaternion(0.002296269, -4.4703484e-08, 0.1251611, 0.9921338)
bones/35/scale = Vector3(1, 0.99999994, 1)
bones/36/name = "LeftMiddleIntermediate"
bones/36/parent = 35
bones/36/rest = Transform3D(1, 0, 0, 0, 1, 0, 0, 0, 1, -3.7987364e-09, 0.042488147, 1.1079647e-08)
bones/36/enabled = true
bones/36/position = Vector3(-3.7987364e-09, 0.042488147, 1.1079647e-08)
bones/36/rotation = Quaternion(0.012286243, -1.043081e-07, 0.026103446, 0.9995837)
bones/36/scale = Vector3(0.99999994, 1, 0.99999994)
bones/37/name = "LeftMiddleDistal"
bones/37/parent = 36
bones/37/rest = Transform3D(1, 0, 0, 0, 1, 0, 0, 0, 1, 1.5080025e-09, 0.03513327, -3.3976484e-08)
bones/37/enabled = true
bones/37/position = Vector3(1.5080025e-09, 0.03513327, -3.3976484e-08)
bones/37/rotation = Quaternion(-2.9802322e-08, -1.4901161e-08, 7.4505806e-08, 1)
bones/37/scale = Vector3(1, 1, 1)
bones/38/name = "Finger_04_L"
bones/38/parent = 37
bones/38/rest = Transform3D(0.013411656, 0.3723282, -0.92800444, 0.98672813, -0.1551303, -0.047979966, -0.16182584, -0.9150444, -0.36946744, 0.0017465184, 0.029211465, 0.0067516416)
bones/38/enabled = true
bones/38/position = Vector3(0.0017465184, 0.029211465, 0.0067516416)
bones/38/rotation = Quaternion(0.6200825, 0.5479337, -0.4393891, -0.34957623)
bones/38/scale = Vector3(0.99999994, 0.99999994, 1.0000004)
bones/39/name = "RightShoulder"
bones/39/parent = 18
bones/39/rest = Transform3D(0, -1, 0, 0, 0, 1, -1, 0, 0, -0.07447151, 0.068917766, 0.019311117)
bones/39/enabled = true
bones/39/position = Vector3(-0.07447151, 0.068917766, 0.019311117)
bones/39/rotation = Quaternion(0.64708275, -0.32318825, -0.42981607, -0.5404549)
bones/39/scale = Vector3(0.99999994, 0.99999994, 1.0000001)
bones/40/name = "RightUpperArm"
bones/40/parent = 39
bones/40/rest = Transform3D(-1, 0, 0, 0, 1, 0, 0, 0, -1, -7.1020487e-09, 0.1319786, 1.48951536e-08)
bones/40/enabled = true
bones/40/position = Vector3(-7.1020487e-09, 0.1319786, 1.48951536e-08)
bones/40/rotation = Quaternion(-0.22901866, 0.97138774, 0.06289839, -5.9604638e-08)
bones/40/scale = Vector3(0.9999998, 1, 0.9999999)
bones/41/name = "RightLowerArm"
bones/41/parent = 40
bones/41/rest = Transform3D(0, 0, 1, 0, 1, 0, -1, 0, 0, 1.0360964e-08, 0.3394807, -3.8999133e-08)
bones/41/enabled = true
bones/41/position = Vector3(1.0360964e-08, 0.3394807, -3.8999133e-08)
bones/41/rotation = Quaternion(-0.024662185, 0.7058119, -0.05523703, 0.7058118)
bones/41/scale = Vector3(0.99999994, 1.0000001, 0.99999994)
bones/42/name = "RightHand"
bones/42/parent = 41
bones/42/rest = Transform3D(0, 0, -1, 0, 1, 0, 1, 0, 0, 1.8655555e-08, 0.2711451, -1.4551915e-09)
bones/42/enabled = true
bones/42/position = Vector3(1.8655555e-08, 0.2711451, -1.4551913e-09)
bones/42/rotation = Quaternion(-0.0665592, -0.69382966, 0.18102713, 0.69382966)
bones/42/scale = Vector3(1, 1.0000001, 1.0000001)
bones/43/name = "RightThumbMetacarpal"
bones/43/parent = 42
bones/43/rest = Transform3D(0, 0.577, -0.816, 0, 0.816, 0.577, 1, 0, 0, 0.0539468, 0.019431561, -0.010681294)
bones/43/enabled = true
bones/43/position = Vector3(0.0539468, 0.019431561, -0.010681294)
bones/43/rotation = Quaternion(-0.34865883, -0.62270254, -0.2543158, 0.65268826)
bones/43/scale = Vector3(1, 0.9993921, 0.9993924)
bones/44/name = "RightThumbProximal"
bones/44/parent = 43
bones/44/rest = Transform3D(0.99999994, 0, 0, 0, 0.9999999, 2.9802322e-08, 0, -2.9802322e-08, 0.9999999, -8.268238e-09, 0.06374017, 2.7572241e-08)
bones/44/enabled = true
bones/44/position = Vector3(-8.268238e-09, 0.06374017, 2.7572241e-08)
bones/44/rotation = Quaternion(0.06936051, -7.9412125e-08, -0.1707419, 0.9828715)
bones/44/scale = Vector3(1.0000039, 0.99999976, 0.9999957)
bones/45/name = "RightThumbDistal"
bones/45/parent = 44
bones/45/rest = Transform3D(1, 0, 0, 0, 1.0000001, 0, 0, 0, 1.0000001, 4.9507705e-09, 0.05668952, -8.341473e-09)
bones/45/enabled = true
bones/45/position = Vector3(4.9507705e-09, 0.05668952, -8.341473e-09)
bones/45/rotation = Quaternion(-2.9802322e-08, 0, -8.940697e-08, 1)
bones/45/scale = Vector3(1.0000668, 0.99993336, 0.99999964)
bones/46/name = "RightIndexProximal"
bones/46/parent = 42
bones/46/rest = Transform3D(1, 0, 0, 0, 1, 0, 0, 0, 1, 0.05119577, 0.09036097, -0.027441494)
bones/46/enabled = true
bones/46/position = Vector3(0.05119577, 0.09036097, -0.027441494)
bones/46/rotation = Quaternion(-0.088673584, 0, -0.20442775, 0.9748571)
bones/46/scale = Vector3(0.9999998, 0.99999994, 0.99999994)
bones/47/name = "RightIndexIntermediate"
bones/47/parent = 46
bones/47/rest = Transform3D(1, 0, 0, 0, 1, 0, 0, 0, 1, 1.3928414e-09, 0.0409359, 1.3480577e-09)
bones/47/enabled = true
bones/47/position = Vector3(1.3928414e-09, 0.0409359, 1.3480577e-09)
bones/47/rotation = Quaternion(0.09470111, -1.4901161e-08, -0.0286704, 0.9950928)
bones/47/scale = Vector3(0.99999994, 1, 1)
bones/48/name = "RightIndexDistal"
bones/48/parent = 47
bones/48/rest = Transform3D(1, 0, 0, 0, 1, 0, 0, 0, 1, -9.756285e-10, 0.037912115, -2.6739281e-08)
bones/48/enabled = true
bones/48/position = Vector3(-9.756285e-10, 0.037912115, -2.6739281e-08)
bones/48/rotation = Quaternion(2.9802322e-08, 2.9802322e-08, -2.9802322e-08, 1.0000001)
bones/48/scale = Vector3(1, 1, 1.0000001)
bones/49/name = "IndexFinger_04_R"
bones/49/parent = 48
bones/49/rest = Transform3D(0.18076809, 0.3847386, -0.9051518, -0.97301275, 0.20415705, -0.10754296, 0.14341705, 0.9001645, 0.4112609, -6.4561034e-05, 0.037498698, 0.00470938)
bones/49/enabled = true
bones/49/position = Vector3(-6.4561034e-05, 0.037498698, 0.00470938)
bones/49/rotation = Quaternion(0.3759489, -0.39119318, -0.50654113, 0.67010933)
bones/49/scale = Vector3(0.9999997, 1, 1.0000004)
bones/50/name = "RightMiddleProximal"
bones/50/parent = 42
bones/50/rest = Transform3D(1, 0, 0, 0, 1, 0, 0, 0, 1, -3.7252903e-09, 0.10509235, -4.4703484e-08)
bones/50/enabled = true
bones/50/position = Vector3(-3.7252903e-09, 0.10509235, -4.4703484e-08)
bones/50/rotation = Quaternion(0.0022962096, -7.450581e-08, -0.12516227, 0.99213374)
bones/50/scale = Vector3(0.99999994, 1, 0.9999999)
bones/51/name = "RightMiddleIntermediate"
bones/51/parent = 50
bones/51/rest = Transform3D(1, 0, 0, 0, 1, 0, 0, 0, 1, -5.7655996e-09, 0.042488083, 3.50915e-08)
bones/51/enabled = true
bones/51/position = Vector3(-5.7655996e-09, 0.042488083, 3.50915e-08)
bones/51/rotation = Quaternion(0.012281179, -7.4505806e-08, -0.02610062, 0.99958396)
bones/51/scale = Vector3(1.0000001, 1.0000001, 1)
bones/52/name = "RightMiddleDistal"
bones/52/parent = 51
bones/52/rest = Transform3D(1, 0, 0, 0, 1, 0, 0, 0, 1, -5.48134e-10, 0.035133235, -3.4659198e-08)
bones/52/enabled = true
bones/52/position = Vector3(-5.48134e-10, 0.035133235, -3.4659198e-08)
bones/52/rotation = Quaternion(-2.9802322e-08, 8.940697e-08, -2.9802322e-08, 1.0000001)
bones/52/scale = Vector3(0.9999999, 0.99999994, 0.99999994)
bones/53/name = "Finger_04_R"
bones/53/parent = 52
bones/53/rest = Transform3D(0.013409317, 0.37232977, -0.928004, -0.98672867, 0.15512465, 0.04798074, 0.16182081, 0.9150448, 0.3694688, -0.0017462167, 0.029209938, 0.00675266)
bones/53/enabled = true
bones/53/position = Vector3(-0.0017462167, 0.029209938, 0.00675266)
bones/53/rotation = Quaternion(0.34957683, -0.4393878, -0.5479359, 0.6200811)
bones/53/scale = Vector3(0.99999964, 1, 1.0000004)
bones/54/name = "RightUpperLeg"
bones/54/parent = 15
bones/54/rest = Transform3D(-1, 0, 0, 0, -1, 0, 0, 0, 1, -0.09896705, -0.041157685, -0.026920697)
bones/54/enabled = true
bones/54/position = Vector3(-0.09896705, -0.041157685, -0.026920697)
bones/54/rotation = Quaternion(-2.9802322e-08, -0.074888125, 0.99706495, 0.015917227)
bones/54/scale = Vector3(0.99999994, 0.9999999, 0.99999994)
bones/55/name = "RightLowerLeg"
bones/55/parent = 54
bones/55/rest = Transform3D(-1, 0, 0, 0, 1, 0, 0, 0, -1, -1.4875424e-09, 0.399309, -1.0433133e-08)
bones/55/enabled = true
bones/55/position = Vector3(-1.4875424e-09, 0.399309, -1.0433133e-08)
bones/55/rotation = Quaternion(3.38394e-08, 0.9999999, -2.9918738e-08, -4.831236e-09)
bones/55/scale = Vector3(1.0000001, 1, 1.0000001)
bones/56/name = "RightFoot"
bones/56/parent = 55
bones/56/rest = Transform3D(-1, 0, 0, 0, 0, -1, 0, -1, 0, 0.0091190655, 0.37665522, 0.016426507)
bones/56/enabled = true
bones/56/position = Vector3(0.0091190655, 0.37665522, 0.016426507)
bones/56/rotation = Quaternion(3.161014e-08, 0.70710677, -0.70710677, -1.0536712e-08)
bones/56/scale = Vector3(0.9999999, 0.9999999, 0.9999998)
bones/57/name = "Ball_R"
bones/57/parent = 56
bones/57/rest = Transform3D(1, 0, 0, 0, 1, 0, 0, 0, 1, -0.0020922748, 0.09638159, -0.05864432)
bones/57/enabled = true
bones/57/position = Vector3(-0.0020922748, 0.09638159, -0.05864432)
bones/57/rotation = Quaternion(0, -7.375698e-08, 1.0536713e-08, 1)
bones/57/scale = Vector3(1, 1.0000001, 1)
bones/58/name = "RightToes"
bones/58/parent = 57
bones/58/rest = Transform3D(-1, 0, 0, 0, 1, 0, 0, 0, -1, -0.00017402136, 0.07295735, 2.174296e-09)
bones/58/enabled = true
bones/58/position = Vector3(-0.00017402136, 0.07295735, 2.174305e-09)
bones/58/rotation = Quaternion(3.8854125e-08, 0.99999994, 0, -3.2927225e-09)
bones/58/scale = Vector3(1.0000001, 1, 1)
bones/59/name = "LeftUpperLeg"
bones/59/parent = 15
bones/59/rest = Transform3D(-1, 0, 0, 0, -1, 0, 0, 0, 1, 0.098967105, -0.041157786, -0.026920749)
bones/59/enabled = true
bones/59/position = Vector3(0.098967105, -0.041157786, -0.026920749)
bones/59/rotation = Quaternion(0, -0.07488813, 0.99706495, -0.015917735)
bones/59/scale = Vector3(1, 1, 0.99999994)
bones/60/name = "LeftLowerLeg"
bones/60/parent = 59
bones/60/rest = Transform3D(-1, 0, 0, 0, 1, 0, 0, 0, -1, -1.1781935e-09, 0.3993092, 3.2697147e-09)
bones/60/enabled = true
bones/60/position = Vector3(-1.1781935e-09, 0.3993092, 3.2697147e-09)
bones/60/rotation = Quaternion(0, 1, -3.2305252e-08, -6.9849193e-09)
bones/60/scale = Vector3(1.0000001, 1, 1.0000001)
bones/61/name = "LeftFoot"
bones/61/parent = 60
bones/61/rest = Transform3D(-1, 0, 0, 0, 0, -1, 0, -1, 0, -0.009120261, 0.37665495, 0.016426498)
bones/61/enabled = true
bones/61/position = Vector3(-0.009120261, 0.37665495, 0.016426498)
bones/61/rotation = Quaternion(4.2146848e-08, 0.70710677, -0.70710677, 0)
bones/61/scale = Vector3(0.9999999, 0.99999976, 0.9999998)
bones/62/name = "Ball_L"
bones/62/parent = 61
bones/62/rest = Transform3D(1, 0, 0, 0, 1, 0, 0, 0, 1, 0.0020923496, 0.09638158, -0.05864429)
bones/62/enabled = true
bones/62/position = Vector3(0.0020923496, 0.09638158, -0.05864429)
bones/62/rotation = Quaternion(0, 5.2683564e-09, -4.7415206e-08, 1)
bones/62/scale = Vector3(1, 1, 1)
bones/63/name = "LeftToes"
bones/63/parent = 62
bones/63/rest = Transform3D(-1, 0, 0, 0, 1, 0, 0, 0, -1, 0.00017403677, 0.0729573, 4.3485633e-09)
bones/63/enabled = true
bones/63/position = Vector3(0.00017403677, 0.0729573, 4.3486077e-09)
bones/63/rotation = Quaternion(-1.3500162e-08, 0.99999994, 0, -2.8646685e-08)
bones/63/scale = Vector3(0.99999994, 0.9999999, 0.99999994)

[node name="SM_Chr_Santa_01" type="MeshInstance3D" parent="GeneralSkeleton"]
visible = false
mesh = ExtResource("1_00h7u")
skin = SubResource("Skin_63lk0")
surface_material_override/0 = ExtResource("2_263rs")

[node name="SM_Chr_Gym_Male_01" type="MeshInstance3D" parent="GeneralSkeleton"]
visible = false
mesh = ExtResource("3_ok4lu")
skin = SubResource("Skin_63lk0")
surface_material_override/0 = ExtResource("2_263rs")

[node name="SM_Chr_Clerk_Male_01" type="MeshInstance3D" parent="GeneralSkeleton"]
visible = false
mesh = ExtResource("4_xcm7j")
skin = SubResource("Skin_63lk0")
surface_material_override/0 = ExtResource("2_263rs")

[node name="SM_Chr_Attendant_Male_01" type="MeshInstance3D" parent="GeneralSkeleton"]
visible = false
mesh = ExtResource("5_vlhxu")
skin = SubResource("Skin_63lk0")
surface_material_override/0 = ExtResource("2_263rs")

[node name="SM_Chr_Worker_Male_01" type="MeshInstance3D" parent="GeneralSkeleton"]
visible = false
mesh = ExtResource("6_1bpyd")
skin = SubResource("Skin_63lk0")
surface_material_override/0 = ExtResource("2_263rs")

[node name="SM_Chr_Hunter_Male_01" type="MeshInstance3D" parent="GeneralSkeleton"]
visible = false
mesh = ExtResource("7_vhe6d")
skin = SubResource("Skin_63lk0")
surface_material_override/0 = ExtResource("2_263rs")

[node name="SM_Chr_Shopper_Male_01" type="MeshInstance3D" parent="GeneralSkeleton"]
visible = false
mesh = ExtResource("8_vjqyl")
skin = SubResource("Skin_63lk0")
surface_material_override/0 = ExtResource("2_263rs")

[node name="SM_Chr_Musician_Male_01" type="MeshInstance3D" parent="GeneralSkeleton"]
visible = false
mesh = ExtResource("9_buaoe")
skin = SubResource("Skin_63lk0")
surface_material_override/0 = ExtResource("2_263rs")

[node name="SM_Chr_Musician_Female_01" type="MeshInstance3D" parent="GeneralSkeleton"]
visible = false
mesh = ExtResource("10_1xl8q")
skin = SubResource("Skin_63lk0")
surface_material_override/0 = ExtResource("2_263rs")

[node name="SM_Chr_Shopper_Female_01" type="MeshInstance3D" parent="GeneralSkeleton"]
visible = false
mesh = ExtResource("11_j5chj")
skin = SubResource("Skin_63lk0")
surface_material_override/0 = ExtResource("2_263rs")

[node name="SM_Chr_Worker_Female_01" type="MeshInstance3D" parent="GeneralSkeleton"]
mesh = ExtResource("12_y6dx2")
skin = SubResource("Skin_63lk0")
surface_material_override/0 = ExtResource("2_263rs")

[node name="SM_Chr_Clerk_Female_01" type="MeshInstance3D" parent="GeneralSkeleton"]
visible = false
mesh = ExtResource("13_7idx1")
skin = SubResource("Skin_63lk0")
surface_material_override/0 = ExtResource("2_263rs")

[node name="SM_Chr_Attendant_Female_01" type="MeshInstance3D" parent="GeneralSkeleton"]
visible = false
mesh = ExtResource("14_py70e")
skin = SubResource("Skin_63lk0")
surface_material_override/0 = ExtResource("2_263rs")

[node name="SM_Chr_Gym_Female_01" type="MeshInstance3D" parent="GeneralSkeleton"]
visible = false
mesh = ExtResource("15_emwa3")
skin = SubResource("Skin_63lk0")
surface_material_override/0 = ExtResource("2_263rs")

[node name="SM_Chr_Hair_Net_Female_01" parent="GeneralSkeleton" instance=ExtResource("16_ok4lu")]
