[gd_resource type="Skin" format=3 uid="uid://bhs2ixsenc2vd"]

[resource]
resource_name = "Skin"
bind_count = 50
bind/0/name = &"Root"
bind/0/bone = -1
bind/0/pose = Transform3D(1, 0, 0, 0, 1, 0, 0, 0, 1, 0, 0, 0)
bind/1/name = &"Hips"
bind/1/bone = -1
bind/1/pose = Transform3D(1, 3.9604703e-15, -6.485205e-15, -4.8849813e-15, 0.988775, -0.14941198, 5.820667e-15, 0.14941195, 0.988775, -3.4704657e-15, -0.86644, -0.13092609)
bind/2/name = &"Spine"
bind/2/bone = -1
bind/2/pose = Transform3D(1, 6.7751027e-15, -6.626417e-15, -6.4374284e-15, 0.9987644, 0.049695503, 6.9549223e-15, -0.049695525, 0.9987645, -6.2283023e-15, -0.9770607, 0.0641636)
bind/3/name = &"Chest"
bind/3/bone = -1
bind/3/pose = Transform3D(1, 7.964434e-15, -6.6840784e-15, -8.8554084e-15, 0.9892728, -0.14608015, 5.4489333e-15, 0.1460801, 0.989273, -7.608694e-15, -1.148833, -0.16306245)
bind/4/name = &"UpperChest"
bind/4/bone = -1
bind/4/pose = Transform3D(1, -1.5838417e-07, -2.2471504e-08, 1.5340251e-07, 0.90959734, 0.41549122, -4.5367198e-08, -0.4154911, 0.90959746, 2.1109632e-07, -1.2029666, 0.58540654)
bind/5/name = &"Neck"
bind/5/bone = -1
bind/5/pose = Transform3D(1, -3.9097006e-09, 2.4300146e-08, -5.0039257e-14, 0.9873026, 0.15885061, -2.4612664e-08, -0.1588506, 0.9873026, 6.2523697e-09, -1.4267756, 0.25403252)
bind/6/name = &"Head"
bind/6/bone = -1
bind/6/pose = Transform3D(1, -3.9096992e-09, 2.4300144e-08, -5.1327083e-14, 0.9873025, 0.15885052, -2.4612664e-08, -0.15885052, 0.9873025, 6.2523644e-09, -1.5484198, 0.2540325)
bind/7/name = &"RightEye"
bind/7/bone = -1
bind/7/pose = Transform3D(1, -3.9096992e-09, 2.4300144e-08, -2.4612664e-08, -0.15885052, 0.9873025, 5.1327083e-14, -0.9873025, -0.15885052, 3.6395698e-09, 0.14787608, 1.6611907)
bind/8/name = &"Jaw"
bind/8/bone = -1
bind/8/pose = Transform3D(-1, 3.9096992e-09, -2.4300144e-08, -2.4612664e-08, -0.15885052, 0.9873025, -5.1327083e-14, 0.9873025, 0.15885052, -3.7693484e-09, 0.15314884, -1.6939623)
bind/9/name = &"Jaw2"
bind/9/bone = -1
bind/9/pose = Transform3D(1, 8.887531e-15, -6.415284e-15, -1.0219798e-14, 0.99999994, -1.4901406e-08, 9.967996e-15, 1.490141e-08, 0.99999994, -4.59198e-05, -1.6315875, -0.016800458)
bind/10/name = &"LeftShoulder"
bind/10/bone = -1
bind/10/pose = Transform3D(0.4216357, -0.4183985, 0.80446655, 0.88285244, -0.012983121, -0.4694715, 0.20687057, 0.9081708, 0.36391005, 0.54016465, -0.041317858, -1.2846029)
bind/11/name = &"LeftUpperArm"
bind/11/bone = -1
bind/11/pose = Transform3D(0.021383192, 0.39488286, -0.91848266, 0.99613005, -0.08675446, -0.01410725, -0.08525311, -0.9146263, -0.39520967, -0.5976013, -0.07031046, 1.2688352)
bind/12/name = &"LeftLowerArm"
bind/12/bone = -1
bind/12/pose = Transform3D(0.0275939, -0.9195369, -0.39203396, 0.99753207, -3.0545092e-08, 0.07021272, -0.06456307, -0.39300385, 0.9172676, 1.2159739, -0.52411354, 0.6178284)
bind/13/name = &"LeftHand"
bind/13/bone = -1
bind/13/pose = Transform3D(0.06456306, 0.3930038, -0.9172675, 0.99753207, -2.8682436e-08, 0.070212714, 0.0275939, -0.91953677, -0.39203396, -0.61782837, -0.79525906, 1.2159736)
bind/14/name = &"LeftThumbMetacarpal"
bind/14/bone = -1
bind/14/pose = Transform3D(-0.039753363, 0.92263216, 0.383627, 0.83171964, -0.18264487, 0.525452, 0.5548663, 0.3399586, -0.76011056, -1.2158364, -0.45358354, -0.9135996)
bind/15/name = &"LeftThumbProximal"
bind/15/bone = -1
bind/15/pose = Transform3D(0.26092005, 0.8088496, 0.5269568, 0.84849066, -0.45319095, 0.27549693, 0.4616472, 0.37523523, -0.8045477, -1.336909, -0.15924676, -0.8760632)
bind/16/name = &"LeftThumbDistal"
bind/16/bone = -1
bind/16/pose = Transform3D(0.2609201, 0.8088497, 0.52695686, 0.8484909, -0.45319104, 0.27549702, 0.4616474, 0.3752353, -0.8045479, -1.3369093, -0.21593703, -0.8760636)
bind/17/name = &"LeftIndexProximal"
bind/17/bone = -1
bind/17/pose = Transform3D(0.124072984, 0.39274868, -0.911238, 0.9913058, -0.008525015, 0.1313008, 0.043799933, -0.9196063, -0.39039192, -0.6549722, -0.8831275, 1.2127122)
bind/18/name = &"LeftIndexIntermediate"
bind/18/bone = -1
bind/18/pose = Transform3D(0.18102683, 0.38658476, -0.904313, 0.9730304, -0.20407288, 0.10754387, -0.14297086, -0.8993923, -0.41310152, -0.7003212, -0.6400173, 1.3614265)
bind/19/name = &"LeftIndexDistal"
bind/19/bone = -1
bind/19/pose = Transform3D(0.18102682, 0.38658476, -0.90431297, 0.97303045, -0.20407292, 0.107543856, -0.14297086, -0.89939225, -0.41310155, -0.7003212, -0.67792934, 1.3614264)
bind/20/name = &"IndexFinger_04"
bind/20/bone = -1
bind/20/pose = Transform3D(1, -6.170743e-14, -3.751166e-14, 9.549443e-09, 0.9999999, 3.4496956e-08, 1.4901152e-08, -1.303862e-08, 0.99999994, -1.0168931, -1.3449663, -0.0040422967)
bind/21/name = &"LeftLittleProximal"
bind/21/bone = -1
bind/21/pose = Transform3D(-0.03528372, 0.39867964, -0.91641164, 0.98976046, -0.11296597, -0.0872529, -0.13830917, -0.91010636, -0.3906116, -0.5717873, -0.74248457, 1.3357755)
bind/22/name = &"LeftLittleIntermediate"
bind/22/bone = -1
bind/22/pose = Transform3D(0.016833406, 0.3916103, -0.9199775, 0.9867281, -0.15513015, -0.047979917, -0.16150558, -0.9069598, -0.3890244, -0.6115296, -0.72220886, 1.353464)
bind/23/name = &"LeftLittleDistal"
bind/23/bone = -1
bind/23/pose = Transform3D(0.01683341, 0.39161032, -0.9199777, 0.98672825, -0.1551302, -0.04797995, -0.16150564, -0.9069601, -0.38902447, -0.6115296, -0.75734234, 1.3534644)
bind/24/name = &"Finger_04"
bind/24/bone = -1
bind/24/pose = Transform3D(1, -1.629815e-08, -3.725361e-09, -2.303872e-08, 1, -9.063926e-09, -2.7939608e-09, -1.1175977e-08, 1, -1.0039319, -1.3394725, 0.07791692)
bind/25/name = &"RightShoulder"
bind/25/bone = -1
bind/25/pose = Transform3D(0.4216152, 0.41840935, -0.80447143, -0.8828513, -0.013032547, -0.4694718, -0.20691559, 0.90816486, 0.3638986, -0.54018265, -0.04124892, -1.2846011)
bind/26/name = &"RightUpperArm"
bind/26/bone = -1
bind/26/pose = Transform3D(0.021381544, -0.39488414, 0.9184824, -0.99613035, -0.086750254, -0.014107538, 0.085249364, -0.9146262, -0.395211, 0.59760183, -0.07031632, 1.2688316)
bind/27/name = &"RightLowerArm"
bind/27/bone = -1
bind/27/pose = Transform3D(0.027593844, 0.919536, 0.3920353, -0.9975319, -8.863641e-08, 0.07021258, 0.06456304, -0.39300513, 0.91726714, -1.2159708, -0.52411366, 0.6178295)
bind/28/name = &"RightHand"
bind/28/bone = -1
bind/28/pose = Transform3D(0.06456302, -0.3930051, 0.9172671, -0.99753183, -8.491109e-08, 0.07021257, -0.027593842, -0.91953605, -0.3920353, 0.6178295, -0.79525876, 1.2159709)
bind/29/name = &"Thumb_01_2"
bind/29/bone = -1
bind/29/pose = Transform3D(0.8312143, 0.18253398, -0.52513254, 0.15431747, -0.98319966, -0.09749249, -0.53410584, -3.5543517e-09, -0.84541774, 0.45330834, 1.4564431, -0.4366571)
bind/30/name = &"Thumb_02_2"
bind/30/bone = -1
bind/30/pose = Transform3D(0.84797543, 0.4529146, -0.27532965, 0.43077645, -0.8915539, -0.13986903, -0.30881995, 7.9923964e-08, -0.9511207, 0.15915038, 1.5811622, -0.2319799)
bind/31/name = &"Thumb_03_2"
bind/31/bone = -1
bind/31/pose = Transform3D(0.9999999, -4.2402636e-08, 1.1175866e-08, -5.6506515e-09, -0.9999999, -1.9188104e-08, 4.4703473e-08, 3.6429848e-10, -0.99999994, 0.93576497, 1.3119498, 0.05993273)
bind/32/name = &"IndexFinger_01_2"
bind/32/bone = -1
bind/32/pose = Transform3D(0.9913061, 0.0085262535, -0.13130018, 0.00845244, -0.99996376, -0.001119512, -0.13130495, -2.1080403e-08, -0.991342, 0.88312656, 1.3725098, -0.12602967)
bind/33/name = &"IndexFinger_02_2"
bind/33/bone = -1
bind/33/pose = Transform3D(0.9730307, 0.20407239, -0.107543886, 0.20283723, -0.9789557, -0.022418514, -0.10985571, 1.0637822e-08, -0.99394757, 0.64001817, 1.5273315, -0.10578332)
bind/34/name = &"IndexFinger_03_2"
bind/34/bone = -1
bind/34/pose = Transform3D(0.9478223, 0.31420887, -0.053905044, 0.3137019, -0.9493538, -0.017841019, -0.056780793, 7.3073515e-08, -0.9983867, 0.503654, 1.5959197, -0.053704195)
bind/35/name = &"IndexFinger_04_2"
bind/35/bone = -1
bind/35/pose = Transform3D(0.9999998, -3.1665003e-08, -1.1175895e-08, 3.4386357e-08, -0.99999976, 6.772059e-08, 1.8626434e-08, 4.2840906e-08, -0.9999998, 1.0168898, 1.3449699, 0.0040423363)
bind/36/name = &"Finger_01_2"
bind/36/bone = -1
bind/36/pose = Transform3D(0.9897604, 0.11296663, 0.087253205, 0.1125302, -0.99359876, 0.009920166, 0.087815344, 7.580369e-10, -0.9961368, 0.7424836, 1.4529566, 0.012237724)
bind/37/name = &"Finger_02_2"
bind/37/bone = -1
bind/37/pose = Transform3D(0.98672837, 0.15512933, 0.04797974, 0.15494627, -0.9878943, 0.0075342525, 0.048567668, 6.1525455e-08, -0.9988199, 0.7222103, 1.4849932, -0.024904082)
bind/38/name = &"Finger_03_2"
bind/38/bone = -1
bind/38/pose = Transform3D(0.9241559, 0.3349502, 0.18369678, 0.32852307, -0.94223595, 0.06530135, 0.19495846, -1.0959147e-09, -0.98081166, 0.46341392, 1.597, 0.119303145)
bind/39/name = &"Finger_04_2"
bind/39/bone = -1
bind/39/pose = Transform3D(0.9999999, -2.9802322e-08, 1.1175864e-08, -5.3856745e-08, -0.99999976, -1.9776246e-08, -7.4505975e-09, -2.2351662e-08, -0.99999976, 1.00393, 1.3394698, -0.07791692)
bind/40/name = &"RightUpperLeg"
bind/40/bone = -1
bind/40/pose = Transform3D(-0.9994931, 0.03174103, -0.002385174, -0.031741112, -0.99949604, 4.6595314e-08, -0.0023841495, 7.573986e-05, 0.999997, -0.12536022, 0.8279978, 0.020170068)
bind/41/name = &"RightLowerLeg"
bind/41/bone = -1
bind/41/pose = Transform3D(0.9994931, -0.031741023, 0.002385214, -0.031741112, -0.999496, 4.1909516e-08, 0.0023841858, -7.574633e-05, -0.999997, 0.12536022, 0.42868876, -0.020170074)
bind/42/name = &"RightFoot"
bind/42/bone = -1
bind/42/pose = Transform3D(-0.9994932, 0.031741038, -0.002385241, -0.0023842014, 7.57575e-05, 0.999997, 0.031741112, 0.999496, 2.9802322e-08, -0.116241165, 0.036596574, -0.05203351)
bind/43/name = &"RightToes"
bind/43/bone = -1
bind/43/pose = Transform3D(0.9994932, -0.031741034, 0.002385241, -0.0023842002, 7.566809e-05, 0.9999971, -0.031741112, -0.999496, -2.9793197e-08, 0.11414888, -0.059785, -0.006610801)
bind/44/name = &"Toes_R"
bind/44/bone = -1
bind/44/pose = Transform3D(1, -1.7950037e-09, 2.3292343e-10, 1.8624743e-09, 0.99999994, -1.4548394e-11, -2.329421e-10, 7.2653307e-12, 1, 0.114443414, 0.0029797428, -0.13247012)
bind/45/name = &"LeftUpperLeg"
bind/45/bone = -1
bind/45/pose = Transform3D(-0.9994931, -0.031741973, 0.0023854233, 0.031742048, -0.9994961, 2.6025553e-08, 0.0023842205, 7.571006e-05, 0.9999972, 0.12536106, 0.82799745, 0.020170122)
bind/46/name = &"LeftLowerLeg"
bind/46/bone = -1
bind/46/pose = Transform3D(0.9994933, 0.031741973, -0.0023854524, 0.03174205, -0.9994962, 2.6077032e-08, -0.0023842454, -7.5709075e-05, -0.9999972, -0.12536108, 0.4286884, -0.020170115)
bind/47/name = &"LeftFoot"
bind/47/bone = -1
bind/47/pose = Transform3D(-0.9994933, -0.031741973, 0.002385456, 0.0023842615, 7.5638294e-05, 0.99999726, -0.031742055, 0.99949616, 1.4027477e-16, 0.11624083, 0.03659661, -0.052033436)
bind/48/name = &"LeftToes"
bind/48/bone = -1
bind/48/pose = Transform3D(0.99949336, 0.031741977, -0.0023854543, 0.0023842603, 7.560849e-05, 0.99999726, 0.031742055, -0.99949616, -5.9592544e-08, -0.114148475, -0.05978497, -0.0066108513)
bind/49/name = &"Toes_L"
bind/49/bone = -1
bind/49/pose = Transform3D(1, 3.6880793e-10, 8.0146834e-11, 2.3721383e-09, -1, 1.4567582e-11, 2.3224561e-10, 7.2673976e-12, -1, -0.11444301, -0.0029797002, 0.13247)
metadata/humanoid_rotation_delta = {
"Chest": Transform3D(-3.612184e-15, 4.2942688e-16, 1, 1.0000001, -1.1920929e-07, 3.6121847e-15, 4.4703484e-08, 1.0000005, -4.294269e-16, -6.617445e-24, 0, 0),
"Head": Transform3D(1, 1.4355557e-07, 8.440158e-08, -1.5514007e-07, 0.98730266, 0.15885077, -6.052597e-08, -0.1588507, 0.98730296, 0, 0, 0),
"Hips": Transform3D(0, 0, 1, 1, -5.9604645e-08, 0, 2.9802322e-08, 1, 0, 0, 0, 0),
"Jaw": Transform3D(-1, -1.4355557e-07, -8.440158e-08, -6.052597e-08, -0.1588507, 0.98730296, -1.5514007e-07, 0.98730266, 0.15885077, 0, 1.4901161e-08, 0),
"Jaw2": Transform3D(1, 1.3213602e-07, 1.0706338e-07, -1.4746539e-07, 0.98730266, 0.15885073, -8.471406e-08, -0.15885074, 0.98730296, 1.0571966e-08, 0.0026443005, -0.010198982),
"LeftFoot": Transform3D(-0.018542653, 0.025873056, 0.9994933, -0.8541414, -0.520036, -0.0023843106, 0.51971066, -0.8537527, 0.03174208, 0, 3.7252903e-09, 0),
"LeftHand": Transform3D(0.064563066, 0.3930036, -0.9172683, 0.99753237, 4.7686058e-08, 0.0702127, 0.027593944, -0.9195372, -0.39203385, 0, 0, 0),
"LeftIndexDistal": Transform3D(0.0013658851, 0.40765995, -0.9131334, 0.9921788, 0.11342314, 0.052120965, 0.12481807, -0.90606254, -0.4043168, 0, 0, 0),
"LeftIndexIntermediate": Transform3D(0, 0.39489478, -0.91872704, 1.0000001, -4.118774e-07, -4.4703484e-08, -3.3155084e-07, -0.9187268, -0.39489496, 0, 0, 0),
"LeftIndexProximal": Transform3D(-1.0430813e-07, 0.39276272, -0.9196404, 1.0000002, 1.4314719e-06, 6.556511e-07, 1.6093254e-06, -0.91964006, -0.39276296, 5.9604645e-08, 0, 0),
"LeftLittleDistal": Transform3D(0.053383812, 0.43459526, -0.8990431, 0.9726657, 0.1811269, 0.14531174, 0.22599253, -0.882225, -0.41304657, 0, 0, 0),
"LeftLittleIntermediate": Transform3D(4.8428774e-08, 0.3964091, -0.9180747, 1.0000005, -7.5026765e-07, -2.4959445e-07, -7.264316e-07, -0.91807437, -0.3964092, 0, 0, 0),
"LeftLittleProximal": Transform3D(5.2154064e-08, 0.40124777, -0.91597027, 1.0000005, 7.516355e-07, 3.9488077e-07, 9.0152025e-07, -0.91596985, -0.40124792, 0, 0, 0),
"LeftLowerArm": Transform3D(-0.0005526189, -0.9195371, -0.39300334, 0.9999993, 3.6510162e-08, -0.0014063641, 0.0012933239, -0.39300358, 0.91953665, 0, 0, 0),
"LeftLowerLeg": Transform3D(0.024181472, -0.17185842, 0.98482466, -0.9987582, 0.03876842, 0.03128893, -0.043557353, -0.98435855, -0.17070755, 0, 2.9802322e-08, 0),
"LeftShoulder": Transform3D(8.940697e-08, -0.41843367, 0.9082478, 1.0000002, 3.8254075e-07, -1.1920929e-07, -4.3213367e-07, 0.90824735, 0.41843373, 0, 3.7252903e-09, 0),
"LeftThumbDistal": Transform3D(0.26108688, 0.8087694, 0.5270282, 0.84852725, -0.4530209, 0.27559227, 0.46164963, 0.37522554, -0.804556, 0, 0, 0),
"LeftThumbMetacarpal": Transform3D(-6.2584877e-07, 0.9383979, 0.34555736, 1.0006084, 6.109476e-07, 4.172325e-07, -1.1920929e-07, 0.34576738, -0.9389688, 0, 0, 0),
"LeftThumbProximal": Transform3D(0.00019802153, 0.90729445, 0.4206609, 1.0005358, 0.00018006563, 7.933378e-05, 4.157424e-06, 0.42086917, -0.9077964, 0, -5.9604645e-08, -5.9604645e-08),
"LeftToes": Transform3D(0.0023854421, -0.031742007, -0.9994933, -0.9999975, -7.56929e-05, -0.002384216, 5.7395205e-08, 0.9994962, -0.031742092, 0, -3.7252903e-09, 0),
"LeftUpperArm": Transform3D(-0.002194344, 0.39605173, -0.9182261, 0.9999823, -0.00426832, -0.0042306744, -0.005594805, -0.9182184, -0.39603537, 0, 0, 0),
"LeftUpperLeg": Transform3D(-9.1276723e-07, 0.999997, 0.002385423, -1, -8.903444e-07, 9.9010784e-08, 7.668868e-08, -0.0023854212, 0.9999973, 0, 0, 0),
"Neck": Transform3D(9.553539e-08, 2.8880994e-08, -1, 1.0000001, -7.4505806e-08, 9.553541e-08, 4.4703484e-08, -1.0000004, -2.8880983e-08, 0, 0, 0),
"RightEye": Transform3D(1, 1.4355557e-07, 8.440158e-08, -6.052597e-08, -0.1588507, 0.98730296, 1.5514007e-07, -0.98730266, -0.15885077, 0, 0, 0),
"RightFoot": Transform3D(-0.018541861, 0.025872283, 0.99949324, 0.8541413, 0.52003586, 0.0023842417, -0.51971066, 0.8537527, -0.03174101, 1.4901161e-08, 0, 5.9604645e-08),
"RightHand": Transform3D(0.064563245, 0.39300504, -0.9172678, -0.99753207, 2.7117585e-07, -0.07021267, -0.027593711, 0.91953653, 0.39203504, 0, -5.9604645e-08, 0),
"RightLowerArm": Transform3D(-0.00055299327, -0.91953665, -0.39300457, -0.999999, 3.3078055e-07, 0.001406394, -0.0012931302, 0.393005, -0.9195363, 0, 0, 0),
"RightLowerLeg": Transform3D(0.024180526, -0.1718582, 0.98482466, 0.9987582, -0.03876862, -0.031287994, 0.04355737, 0.98435843, 0.17070754, -1.4901161e-08, -2.9802322e-08, 0),
"RightShoulder": Transform3D(-2.0384789e-05, -0.418445, 0.9082425, -1.0000001, 4.9142633e-05, 5.364418e-07, -4.4703484e-05, -0.90824217, -0.41844493, 0, -3.7252903e-09, 0),
"RightToes": Transform3D(0.0023852426, -0.03174107, -0.99949324, 0.99999714, 7.568002e-05, 0.00238422, -5.8715138e-08, -0.99949634, 0.031741157, -7.450581e-09, 7.450581e-09, -6.7055225e-08),
"RightUpperArm": Transform3D(-0.002195743, 0.39605314, -0.9182257, -0.99998206, 0.004264452, 0.004230666, 0.005591226, 0.9182179, 0.39603665, 0, 0, 0),
"RightUpperLeg": Transform3D(1.0423704e-07, 0.99999714, 0.002385228, 1.0000001, -1.2665986e-07, -1.2254914e-07, -8.915239e-08, 0.002385405, -0.9999973, 0, 0, 0),
"Spine": Transform3D(-2.485561e-15, -2.489982e-16, -1, 1, 2.9802322e-08, -2.4855612e-15, 1.1175871e-08, -1.0000002, 2.4899825e-16, 0, 0, 0),
"UpperChest": Transform3D(-1.18958305e-07, 7.731659e-09, -1, 0.93853086, -0.34519565, -1.1431496e-07, -0.34519553, -0.93853116, 3.380747e-08, 0, 0, 0)
}
