[gd_resource type="Skin" format=3 uid="uid://dbx46c0aexlof"]

[resource]
resource_name = "Skin"
bind_count = 50
bind/0/name = &"LeftFoot"
bind/0/bone = -1
bind/0/pose = Transform3D(-0.9994933, -0.031741973, 0.002385456, 0.0023842615, 7.5638294e-05, 0.99999726, -0.031742055, 0.99949616, 1.6959353e-16, 0.11624083, 0.03659661, -0.052033436)
bind/1/name = &"RightFoot"
bind/1/bone = -1
bind/1/pose = Transform3D(-0.9994932, 0.031741038, -0.002385241, -0.0023842014, 7.57575e-05, 0.999997, 0.031741112, 0.999496, 2.9802322e-08, -0.116241165, 0.036596574, -0.05203351)
bind/2/name = &"Ball_L"
bind/2/bone = -1
bind/2/pose = Transform3D(-0.99949336, -0.031741977, 0.0023854543, 0.0023842603, 7.560849e-05, 0.99999726, -0.031742055, 0.99949616, 5.9592544e-08, 0.114148475, -0.05978497, 0.0066108513)
bind/3/name = &"Ball_R"
bind/3/bone = -1
bind/3/pose = Transform3D(-0.9994932, 0.031741034, -0.002385241, -0.0023842002, 7.566809e-05, 0.9999971, 0.031741112, 0.999496, 2.9793203e-08, -0.11414888, -0.059785, 0.006610801)
bind/4/name = &"LeftShoulder"
bind/4/bone = -1
bind/4/pose = Transform3D(0.4216357, -0.4183985, 0.80446655, 0.88285244, -0.012983121, -0.4694715, 0.20687057, 0.9081708, 0.36391005, 0.54016465, -0.041317858, -1.2846029)
bind/5/name = &"RightShoulder"
bind/5/bone = -1
bind/5/pose = Transform3D(0.4216152, 0.41840935, -0.80447143, -0.8828513, -0.013032547, -0.4694718, -0.20691559, 0.90816486, 0.3638986, -0.54018265, -0.04124892, -1.2846011)
bind/6/name = &"LeftLowerArm"
bind/6/bone = -1
bind/6/pose = Transform3D(0.0275939, -0.9195369, -0.39203396, 0.99753207, -3.0545092e-08, 0.07021272, -0.06456307, -0.39300385, 0.9172676, 1.2159739, -0.52411354, 0.6178284)
bind/7/name = &"RightLowerArm"
bind/7/bone = -1
bind/7/pose = Transform3D(0.027593844, 0.919536, 0.3920353, -0.9975319, -8.863641e-08, 0.07021258, 0.06456304, -0.39300513, 0.91726714, -1.2159708, -0.52411366, 0.6178295)
bind/8/name = &"Eyebrows"
bind/8/bone = -1
bind/8/pose = Transform3D(1, 9.2384384e-15, -6.401608e-15, -1.0126616e-14, 0.99999994, -1.4901406e-08, 9.954321e-15, 1.4901412e-08, 0.99999994, -9.735997e-15, -1.6967815, -0.11788259)
bind/9/name = &"RightEye"
bind/9/bone = -1
bind/9/pose = Transform3D(1, -3.909699e-09, 2.4300144e-08, -2.4612664e-08, -0.15885052, 0.9873025, 5.1237257e-14, -0.9873025, -0.15885052, 3.6395698e-09, 0.14787608, 1.6611907)
bind/10/name = &"LeftHand"
bind/10/bone = -1
bind/10/pose = Transform3D(-0.28289524, 0.39497256, -0.8740522, 0.9498788, -0.011033795, -0.31242338, -0.13304271, -0.9186266, -0.37205464, -0.34119213, -0.7552137, 1.3438678)
bind/11/name = &"LeftMiddleProximal"
bind/11/bone = -1
bind/11/pose = Transform3D(-0.038202934, 0.37932938, -0.92447287, 0.9897603, -0.11296647, -0.087253116, -0.13753198, -0.9183397, -0.37112954, -0.5433896, -0.7424839, 1.3475775)
bind/12/name = &"LeftMiddleIntermediate"
bind/12/bone = -1
bind/12/pose = Transform3D(0.013411652, 0.3723282, -0.9280043, 0.986728, -0.15513031, -0.047979966, -0.16182584, -0.91504437, -0.3694674, -0.58274853, -0.7222086, 1.3661028)
bind/13/name = &"LeftMiddleDistal"
bind/13/bone = -1
bind/13/pose = Transform3D(0.013411671, 0.37232813, -0.9280044, 0.9867281, -0.15513031, -0.047979966, -0.1618258, -0.9150444, -0.36946738, -0.5827486, -0.75734204, 1.3661028)
bind/14/name = &"Finger_04_L"
bind/14/bone = -1
bind/14/pose = Transform3D(0.99999994, 1.3038507e-08, 4.6565423e-09, -6.7405788e-09, 1, -9.0639185e-09, -7.4505775e-09, -1.1175973e-08, 0.9999999, -1.0039319, -1.3394725, 0.07791693)
bind/15/name = &"LeftIndexProximal"
bind/15/bone = -1
bind/15/pose = Transform3D(0.12416219, 0.39087078, -0.91203284, 0.9913058, -0.008526807, 0.13130005, 0.043544732, -0.9204061, -0.38853115, -0.6524954, -0.88312507, 1.2140479)
bind/16/name = &"LeftIndexIntermediate"
bind/16/bone = -1
bind/16/pose = Transform3D(0.18073457, 0.38474798, -0.90515435, 0.9730306, -0.20407145, 0.10754452, -0.14333844, -0.90018, -0.41125438, -0.69754064, -0.6400196, 1.3628519)
bind/17/name = &"LeftIndexDistal"
bind/17/bone = -1
bind/17/pose = Transform3D(0.18073454, 0.38474798, -0.9051541, 0.9730306, -0.2040714, 0.10754451, -0.14333844, -0.9001799, -0.41125435, -0.69754046, -0.6779315, 1.3628517)
bind/18/name = &"IndexFinger_04_L"
bind/18/bone = -1
bind/18/pose = Transform3D(1, -5.993103e-14, -4.4554638e-14, -5.3517217e-09, 0.9999999, -2.5107703e-08, 1.4901154e-08, -1.30386235e-08, 1, -1.0168931, -1.3449663, -0.004042416)
bind/19/name = &"LeftThumbMetacarpal"
bind/19/bone = -1
bind/19/pose = Transform3D(0.007819787, 0.9483089, 0.317252, 0.8317198, -0.18264556, 0.5254513, 0.55623496, 0.2597557, -0.79015553, -1.2894713, -0.4535827, -0.8062028)
bind/20/name = &"LeftThumbProximal"
bind/20/bone = -1
bind/20/pose = Transform3D(0.2994231, 0.8379588, 0.45625788, 0.84849083, -0.4531908, 0.2754965, 0.43762654, 0.3046405, -0.84669596, -1.4068913, -0.15924725, -0.7584429)
bind/21/name = &"LeftThumbDistal"
bind/21/bone = -1
bind/21/pose = Transform3D(0.29942304, 0.8379589, 0.45625782, 0.8484907, -0.45319077, 0.2754966, 0.4376265, 0.30464038, -0.8466959, -1.4068915, -0.21593721, -0.7584429)
bind/22/name = &"RightHand"
bind/22/bone = -1
bind/22/pose = Transform3D(-0.28289416, -0.39497453, 0.8740515, -0.9498781, -0.011038315, -0.31242457, 0.13304773, -0.9186254, -0.3720553, 0.3411951, -0.7552071, 1.3438689)
bind/23/name = &"RightMiddleProximal"
bind/23/bone = -1
bind/23/pose = Transform3D(-0.03819978, -0.37933016, 0.92447263, -0.98975927, -0.11297213, -0.08725249, 0.13753702, -0.91833854, -0.3711303, 0.5433929, -0.7424753, 1.3475788)
bind/24/name = &"RightMiddleIntermediate"
bind/24/bone = -1
bind/24/pose = Transform3D(0.013409331, -0.37232977, 0.9280041, -0.9867288, -0.1551247, -0.047980767, 0.16182087, -0.9150451, -0.3694688, 0.58274764, -0.72221684, 1.3660967)
bind/25/name = &"RightMiddleDistal"
bind/25/bone = -1
bind/25/pose = Transform3D(0.013409317, -0.3723297, 0.9280039, -0.98672855, -0.15512462, -0.047980726, 0.16182077, -0.91504467, -0.3694688, 0.5827476, -0.7573502, 1.3660966)
bind/26/name = &"Finger_04_R"
bind/26/bone = -1
bind/26/pose = Transform3D(0.99999994, -4.656617e-09, 6.519252e-09, -1.4741228e-08, -1, 1.0026063e-08, 4.6565853e-09, -8.195629e-08, -0.99999994, 1.00393, 1.33947, -0.07791698)
bind/27/name = &"RightIndexProximal"
bind/27/bone = -1
bind/27/pose = Transform3D(0.12417261, -0.390867, 0.91203314, -0.9913053, -0.008549908, 0.13130139, -0.04352356, -0.92040735, -0.38853037, 0.65250057, -0.88309354, 1.2140707)
bind/28/name = &"RightIndexIntermediate"
bind/28/bone = -1
bind/28/pose = Transform3D(0.18076807, -0.38473862, 0.90515184, -0.9730127, -0.20415698, 0.10754297, 0.14341706, -0.90016454, -0.41126087, 0.6975597, -0.6398857, 1.3629057)
bind/29/name = &"RightIndexDistal"
bind/29/bone = -1
bind/29/pose = Transform3D(0.18076809, -0.38473862, 0.90515184, -0.97301275, -0.20415702, 0.107542984, 0.14341703, -0.9001645, -0.41126084, 0.6975599, -0.677798, 1.3629055)
bind/30/name = &"IndexFinger_04_R"
bind/30/bone = -1
bind/30/pose = Transform3D(0.99999994, -7.450616e-09, 3.7252768e-09, -1.9630356e-08, -0.99999994, -2.16864e-08, 1.1175851e-08, -1.6763732e-08, -0.99999994, 1.01689, 1.34497, 0.0040424555)
bind/31/name = &"RightThumbMetacarpal"
bind/31/bone = -1
bind/31/pose = Transform3D(0.0077130795, -0.948326, -0.31720406, -0.8317415, -0.18252462, 0.5254585, -0.5562033, 0.259779, -0.7901705, 1.2893999, -0.4537647, -0.8062062)
bind/32/name = &"RightThumbProximal"
bind/32/bone = -1
bind/32/pose = Transform3D(0.29942128, -0.83795804, -0.45626026, -0.848489, -0.45319167, 0.27550033, -0.43763074, 0.304641, -0.8466939, 1.406892, -0.15924315, -0.7584486)
bind/33/name = &"RightThumbDistal"
bind/33/bone = -1
bind/33/pose = Transform3D(0.29942137, -0.83795816, -0.4562603, -0.8484887, -0.45319173, 0.27550027, -0.43763077, 0.30464104, -0.8466937, 1.406892, -0.21593261, -0.7584486)
bind/34/name = &"Head"
bind/34/bone = -1
bind/34/pose = Transform3D(1, -3.909699e-09, 2.4300144e-08, -5.1237257e-14, 0.9873025, 0.15885052, -2.4612664e-08, -0.15885052, 0.9873025, 6.2523644e-09, -1.5484198, 0.2540325)
bind/35/name = &"Hips"
bind/35/bone = -1
bind/35/pose = Transform3D(1, 3.9604703e-15, -6.485205e-15, -4.8849813e-15, 0.988775, -0.14941198, 5.820667e-15, 0.14941195, 0.988775, -3.4704657e-15, -0.86644, -0.13092609)
bind/36/name = &"Jaw"
bind/36/bone = -1
bind/36/pose = Transform3D(-1, 3.909699e-09, -2.4300144e-08, -2.4612664e-08, -0.15885052, 0.9873025, -5.1237257e-14, 0.9873025, 0.15885052, 4.5913832e-05, 0.24259141, -1.6135392)
bind/37/name = &"LeftLowerLeg"
bind/37/bone = -1
bind/37/pose = Transform3D(0.9994933, 0.031741973, -0.0023854524, 0.03174205, -0.9994962, 2.6077032e-08, -0.0023842454, -7.5709075e-05, -0.9999972, -0.12536108, 0.4286884, -0.020170115)
bind/38/name = &"RightLowerLeg"
bind/38/bone = -1
bind/38/pose = Transform3D(0.9994931, -0.031741023, 0.002385214, -0.031741112, -0.999496, 4.1909516e-08, 0.0023841858, -7.574633e-05, -0.999997, 0.12536022, 0.42868876, -0.020170074)
bind/39/name = &"Neck"
bind/39/bone = -1
bind/39/pose = Transform3D(1, -3.9097006e-09, 2.4300146e-08, -5.0039257e-14, 0.9873026, 0.15885061, -2.4612664e-08, -0.1588506, 0.9873026, 6.2523697e-09, -1.4267756, 0.25403252)
bind/40/name = &"Root"
bind/40/bone = -1
bind/40/pose = Transform3D(1, 0, 0, 0, 1, 0, 0, 0, 1, 0, 0, 0)
bind/41/name = &"LeftUpperArm"
bind/41/bone = -1
bind/41/pose = Transform3D(0.021383192, 0.39488286, -0.91848266, 0.99613005, -0.08675446, -0.01410725, -0.08525311, -0.9146263, -0.39520967, -0.5976013, -0.07031046, 1.2688352)
bind/42/name = &"RightUpperArm"
bind/42/bone = -1
bind/42/pose = Transform3D(0.021381544, -0.39488414, 0.9184824, -0.99613035, -0.086750254, -0.014107538, 0.085249364, -0.9146262, -0.395211, 0.59760183, -0.07031632, 1.2688316)
bind/43/name = &"Spine"
bind/43/bone = -1
bind/43/pose = Transform3D(1, 6.7862107e-15, -6.6269744e-15, -6.4484953e-15, 0.9987644, 0.049695503, 6.956031e-15, -0.049695525, 0.9987645, -6.2391862e-15, -0.9770607, 0.0641636)
bind/44/name = &"Chest"
bind/44/bone = -1
bind/44/pose = Transform3D(1, 7.953698e-15, -6.6835766e-15, -8.844715e-15, 0.9892728, -0.14608015, 5.4500052e-15, 0.1460801, 0.989273, -7.594224e-15, -1.148833, -0.16306245)
bind/45/name = &"UpperChest"
bind/45/bone = -1
bind/45/pose = Transform3D(1, -1.5838417e-07, -2.2471504e-08, 1.5340251e-07, 0.90959734, 0.41549122, -4.5367198e-08, -0.4154911, 0.90959746, 2.1109632e-07, -1.2029666, 0.58540654)
bind/46/name = &"LeftToes"
bind/46/bone = -1
bind/46/pose = Transform3D(0.99949336, 0.031741977, -0.0023854543, 0.0023842603, 7.560849e-05, 0.99999726, 0.031742055, -0.99949616, -5.9592562e-08, -0.113974445, -0.13274226, -0.0066108466)
bind/47/name = &"RightToes"
bind/47/bone = -1
bind/47/pose = Transform3D(0.9994932, -0.031741034, 0.002385241, -0.0023842005, 7.56681e-05, 0.9999971, -0.031741112, -0.999496, -2.9793208e-08, 0.11397486, -0.13274235, -0.006610799)
bind/48/name = &"LeftUpperLeg"
bind/48/bone = -1
bind/48/pose = Transform3D(-0.9994931, -0.031741973, 0.0023854233, 0.031742048, -0.9994961, 2.6025553e-08, 0.0023842205, 7.571006e-05, 0.9999972, 0.12536106, 0.82799745, 0.020170122)
bind/49/name = &"RightUpperLeg"
bind/49/bone = -1
bind/49/pose = Transform3D(-0.9994931, 0.03174103, -0.002385174, -0.031741112, -0.99949604, 4.6595265e-08, -0.0023841495, 7.573986e-05, 0.999997, -0.12536022, 0.8279978, 0.020170068)
metadata/humanoid_rotation_delta = {
"Ball_L": Transform3D(-0.0023854421, 0.031742007, 0.9994933, -0.9999975, -7.56929e-05, -0.002384216, -5.7395205e-08, -0.9994962, 0.031742092, 0, -3.7252903e-09, 0),
"Ball_R": Transform3D(-0.0023852426, 0.03174107, 0.99949324, 0.99999714, 7.568002e-05, 0.00238422, 5.8715138e-08, 0.99949634, -0.031741157, 7.450581e-09, 7.450581e-09, 6.7055225e-08),
"Chest": Transform3D(-3.5676253e-15, 5.452801e-16, 1, 1.0000001, -1.1920929e-07, 3.5676253e-15, 4.4703484e-08, 1.0000005, -5.4528016e-16, -1.9852335e-23, 0, 0),
"Head": Transform3D(1, 1.4355557e-07, 8.440158e-08, -1.5514007e-07, 0.98730266, 0.15885077, -6.052597e-08, -0.1588507, 0.98730296, 0, 0, 0),
"Hips": Transform3D(0, 0, 1, 1, -5.9604645e-08, 0, 2.9802322e-08, 1, 0, 0, 0, 0),
"Jaw": Transform3D(-1, -1.4355557e-07, -8.440158e-08, -6.052597e-08, -0.1588507, 0.98730296, -1.5514007e-07, 0.98730266, 0.15885077, 0, 0, 0),
"LeftFoot": Transform3D(-0.018542653, 0.025873056, 0.9994933, -0.8541414, -0.520036, -0.0023843106, 0.51971066, -0.8537527, 0.03174208, 0, 3.7252903e-09, 0),
"LeftHand": Transform3D(-0.2828953, 0.3949723, -0.8740528, 0.94987917, -0.0110340165, -0.3124234, -0.13304277, -0.9186272, -0.3720546, 0, 0, 0),
"LeftIndexDistal": Transform3D(0.0016211197, 0.40580943, -0.9139565, 0.9921787, 0.11342415, 0.05212192, 0.124816224, -0.9068925, -0.4024519, 0, 0, 0),
"LeftIndexIntermediate": Transform3D(4.3213367e-07, 0.39301825, -0.919531, 1.0000001, 7.285271e-07, 9.536743e-07, 1.0058284e-06, -0.9195308, -0.3930186, 0, 0, 0),
"LeftIndexProximal": Transform3D(7.4505806e-08, 0.39088458, -0.9204401, 1.0000002, -5.5383134e-07, 5.9604645e-08, -5.327165e-07, -0.92043984, -0.3908848, 0, 0, 0),
"LeftLowerArm": Transform3D(-0.0005526189, -0.9195371, -0.39300334, 0.9999993, 3.6510162e-08, -0.0014063641, 0.0012933239, -0.39300358, 0.91953665, 0, 0, 0),
"LeftLowerLeg": Transform3D(0.024181472, -0.17185842, 0.98482466, -0.9987582, 0.03876842, 0.03128893, -0.043557353, -0.98435855, -0.17070755, 0, 2.9802322e-08, 0),
"LeftMiddleDistal": Transform3D(0.05815485, 0.4158266, -0.9075834, 0.9726654, 0.1811269, 0.14531189, 0.22481222, -0.89122504, -0.39392677, 0, 0, 0),
"LeftMiddleIntermediate": Transform3D(5.5879354e-08, 0.37689036, -0.9262586, 1.0000004, -8.401403e-07, -2.0116568e-07, -7.972121e-07, -0.9262583, -0.37689057, 0, 0, 0),
"LeftMiddleProximal": Transform3D(-1.3411045e-07, 0.3817729, -0.92425674, 1.0000002, 2.5593909e-07, 1.4901161e-08, 2.8684735e-07, -0.9242564, -0.38177308, 0, 0, 0),
"LeftShoulder": Transform3D(8.940697e-08, -0.41843367, 0.9082478, 1.0000002, 3.8254075e-07, -1.1920929e-07, -4.3213367e-07, 0.90824735, 0.41843373, 0, 3.7252903e-09, 0),
"LeftThumbDistal": Transform3D(0.29957965, 0.8378662, 0.45632133, 0.8485489, -0.45302778, 0.27558014, 0.43762833, 0.30462757, -0.84670407, 0, 0, 0),
"LeftThumbMetacarpal": Transform3D(5.9604645e-07, 0.9645136, 0.26403368, 1.0006082, -5.8859587e-07, 8.940697e-08, 5.9604645e-08, 0.26419395, -0.96510005, 0, 0, 0),
"LeftThumbProximal": Transform3D(0.00019294024, 0.9399427, 0.34152323, 1.00054, 0.00018130988, 6.109476e-05, 4.991889e-06, 0.34168416, -0.9404661, 0, 0, 0),
"LeftToes": Transform3D(0.9994935, -0.031742066, 0.0023854696, 0.0023842433, -7.5693766e-05, -0.9999976, 0.03174215, 0.9994964, 5.7519674e-08, 0, 0, 0),
"LeftUpperArm": Transform3D(-0.002194344, 0.39605173, -0.9182261, 0.9999823, -0.00426832, -0.0042306744, -0.005594805, -0.9182184, -0.39603537, 0, 0, 0),
"LeftUpperLeg": Transform3D(-9.1276723e-07, 0.999997, 0.002385423, -1, -8.903444e-07, 9.9010784e-08, 7.668868e-08, -0.0023854212, 0.9999973, 0, 0, 0),
"Neck": Transform3D(9.553539e-08, 2.8880994e-08, -1, 1.0000001, -7.4505806e-08, 9.553541e-08, 4.4703484e-08, -1.0000004, -2.8880983e-08, 0, 0, 0),
"RightEye": Transform3D(1, 1.4355557e-07, 8.440158e-08, -6.052597e-08, -0.1588507, 0.98730296, 1.5514007e-07, -0.98730266, -0.15885077, 0, 0, 0),
"RightFoot": Transform3D(-0.018541861, 0.025872283, 0.99949324, 0.8541413, 0.52003586, 0.0023842417, -0.51971066, 0.8537527, -0.03174101, 1.4901161e-08, 0, 5.9604645e-08),
"RightHand": Transform3D(-0.28289396, 0.39497462, -0.8740522, -0.94987845, 0.011038848, 0.31242454, 0.13304812, 0.91862583, 0.372055, -2.9802322e-08, -5.9604645e-08, 0),
"RightIndexDistal": Transform3D(0.0016558021, 0.40581134, -0.9139563, -0.9921886, -0.11333707, -0.0521213, -0.12473643, 0.90690243, 0.4024535, 5.9604645e-08, -5.9604645e-08, 1.1920929e-07),
"RightIndexIntermediate": Transform3D(3.5062432e-05, 0.39301622, -0.9195324, -1, 8.682674e-05, -1.2814999e-06, 7.935241e-05, 0.9195317, 0.39301613, 0, -1.1920929e-07, 0),
"RightIndexProximal": Transform3D(1.04010105e-05, 0.3908811, -0.9204421, -1, 2.4106572e-05, -1.2516975e-06, 2.1718442e-05, 0.92044145, 0.39088097, 0, -5.9604645e-08, -1.1920929e-07),
"RightLowerArm": Transform3D(-0.00055299327, -0.91953665, -0.39300457, -0.999999, 3.3078055e-07, 0.001406394, -0.0012931302, 0.393005, -0.9195363, 0, 0, 0),
"RightLowerLeg": Transform3D(0.024180526, -0.1718582, 0.98482466, 0.9987582, -0.03876862, -0.031287994, 0.04355737, 0.98435843, 0.17070754, -1.4901161e-08, -2.9802322e-08, 0),
"RightMiddleDistal": Transform3D(0.058151983, 0.4158276, -0.907583, -0.9726642, -0.18113208, -0.1453113, -0.22481692, 0.8912233, 0.3939274, 0, 0, 1.1920929e-07),
"RightMiddleIntermediate": Transform3D(-2.3692846e-06, 0.37689203, -0.9262578, -0.9999998, -4.441128e-06, 7.711351e-07, -3.9450824e-06, 0.92625743, 0.376892, 0, -5.9604645e-08, 0),
"RightMiddleProximal": Transform3D(3.1664968e-06, 0.38177437, -0.9242563, -0.99999994, 5.911512e-06, -8.940697e-07, 5.040318e-06, 0.9242558, 0.38177428, 0, -5.9604645e-08, 0),
"RightShoulder": Transform3D(-2.0384789e-05, -0.418445, 0.9082425, -1.0000001, 4.9142633e-05, 5.364418e-07, -4.4703484e-05, -0.90824217, -0.41844493, 0, -3.7252903e-09, 0),
"RightThumbDistal": Transform3D(0.29957804, 0.8378651, 0.45632344, -0.8485468, 0.45302865, -0.27558398, -0.43763268, -0.3046284, 0.8467021, -1.1920929e-07, -5.9604645e-08, 0),
"RightThumbMetacarpal": Transform3D(-0.000116065145, 0.96450895, 0.2640497, -1.0006082, -0.00012201816, 5.841255e-06, 3.85046e-05, -0.26421028, 0.96509576, -1.1920929e-07, -8.940697e-08, -5.9604645e-08),
"RightThumbProximal": Transform3D(0.0001925826, 0.9399416, 0.3415258, -1.00054, -0.00018041953, -6.532669e-05, -8.806586e-06, -0.3416869, 0.94046533, -1.1920929e-07, -1.3411045e-07, 5.9604645e-08),
"RightToes": Transform3D(0.99949324, -0.031741064, 0.0023853206, -0.002384298, 7.568249e-05, 0.99999714, -0.031741153, -0.99949646, -5.869326e-08, -7.450581e-09, 0, -6.7055225e-08),
"RightUpperArm": Transform3D(-0.002195743, 0.39605314, -0.9182257, -0.99998206, 0.004264452, 0.004230666, 0.005591226, 0.9182179, 0.39603665, 0, 0, 0),
"RightUpperLeg": Transform3D(1.0423704e-07, 0.99999714, 0.002385228, 1.0000001, -1.2665986e-07, -1.2254914e-07, -8.915239e-08, 0.002385405, -0.9999973, 0, 0, 0),
"Spine": Transform3D(-2.4192597e-15, -3.5393428e-16, -1, 1, 2.9802322e-08, -2.4192595e-15, 1.1175871e-08, -1.0000002, 3.539343e-16, 0, 0, 0),
"UpperChest": Transform3D(-1.18958305e-07, 7.731659e-09, -1, 0.93853086, -0.34519565, -1.1431496e-07, -0.34519553, -0.93853116, 3.380747e-08, 0, 0, 0)
}
